1.000 0.751 0.577 0.495 0.579 0.354 0.551 0.610 0.351 0.267 0.507 0.137 0.137 0.277 0.137 0.689 0.137 0.057 0.462 0.236 0.137 0.643 0.358 0.414 0.530 0.513 0.135 0.414 0.378 0.287 0.543 0.516 0.261 0.290 0.013 0.126 0.282 0.045 0.229 0.103 0.355 0.430 0.295 -0.043 0.057 0.293 0.387 0.311 0.261 0.267 0.635 0.597 0.257 0.481 0.440 0.257 0.257 0.385 0.497 0.135 0.194 0.452 0.277 0.675 0.495 0.352 0.331 0.600 0.379 0.499 0.261 0.625 0.194 0.239 0.556 0.519 0.257 0.645 0.277 0.664 0.385 0.135 0.385 0.327 0.423 0.239 0.137 0.267 0.239 -0.080 0.081 0.070 0.311 0.327 0.359 0.126 0.371 0.541 0.398 0.223 0.137 0.239 0.311 0.126 0.137 0.194 0.221 0.239 0.180 0.137 0.137 0.194 0.137 0.311 0.137 0.137 0.137 0.277 0.137 0.261 0.472 0.013 0.019 -0.005 -0.017 -0.062 0.126 0.019 0.137 0.057 0.261
0.751 1.000 0.593 0.430 0.380 0.222 0.509 0.614 0.249 0.150 0.388 0.123 0.123 0.249 0.123 0.641 0.123 0.042 0.411 0.220 0.123 0.647 0.462 0.364 0.409 0.471 0.110 0.400 0.371 0.189 0.467 0.364 0.229 0.188 -0.003 0.106 0.260 -0.049 0.190 0.012 0.255 0.326 0.195 -0.133 -0.090 0.257 0.340 0.253 0.220 0.275 0.612 0.592 0.222 0.413 0.335 0.290 0.154 0.323 0.512 0.110 0.158 0.347 0.249 0.560 0.441 0.300 0.226 0.569 0.314 0.379 0.220 0.545 0.174 0.214 0.444 0.473 0.222 0.530 0.249 0.665 0.387 0.110 0.281 0.290 0.382 0.214 0.123 0.222 0.214 -0.100 0.060 -0.028 0.253 0.266 0.333 0.214 0.333 0.532 0.290 0.194 0.123 0.214 0.253 0.177 0.123 0.174 0.116 0.214 0.152 0.123 0.123 0.174 0.123 0.279 0.123 0.123 0.123 0.154 0.123 0.152 0.410 -0.003 -0.004 -0.028 -0.034 -0.081 0.106 -0.004 0.123 0.042 0.229
0.577 0.593 1.000 0.517 0.557 0.390 0.594 0.742 0.311 0.181 0.508 0.093 0.093 0.189 0.093 0.557 0.093 0.132 0.290 0.327 0.093 0.399 0.341 0.269 0.250 0.627 0.051 0.298 0.372 0.281 0.517 0.514 0.159 0.045 0.060 0.060 0.324 0.014 0.322 0.219 0.252 0.389 0.220 -0.016 0.007 0.286 0.343 0.212 0.272 0.269 0.632 0.755 0.143 0.408 0.238 0.257 0.188 0.233 0.560 0.212 0.172 0.416 0.189 0.373 0.324 0.309 0.150 0.447 0.327 0.404 0.272 0.554 0.132 0.163 0.329 0.303 0.078 0.378 0.189 0.376 0.233 0.051 0.248 0.207 0.270 0.163 0.093 0.169 0.163 -0.158 0.010 0.047 0.212 0.257 0.327 0.163 0.237 0.309 0.257 0.132 0.093 0.060 0.192 0.163 0.093 0.132 0.163 0.163 0.086 0.093 0.093 0.132 0.093 0.192 0.093 0.093 0.093 0.165 0.093 0.159 0.311 -0.043 -0.062 -0.090 -0.080 -0.135 0.060 0.012 0.093 0.007 0.233
0.495 0.430 0.517 1.000 0.487 0.357 0.527 0.425 0.211 0.080 0.392 0.077 0.077 0.137 0.077 0.522 0.077 0.110 0.231 0.173 0.077 0.266 0.177 0.194 0.370 0.430 0.095 0.205 0.347 0.194 0.490 0.381 0.179 0.056 0.112 0.112 0.284 0.031 0.200 0.142 0.268 0.308 0.189 -0.067 0.110 0.414 0.285 0.159 0.272 0.246 0.507 0.572 0.144 0.357 0.220 0.144 0.213 0.244 0.530 0.159 0.244 0.295 0.137 0.338 0.210 0.240 0.128 0.436 0.272 0.362 0.272 0.453 0.079 0.112 0.318 0.225 0.031 0.333 0.157 0.279 0.195 0.159 0.182 0.160 0.262 0.135 0.077 0.255 0.135 -0.204 -0.024 0.003 0.176 0.225 0.216 0.135 0.197 0.240 0.160 0.095 0.077 0.135 0.176 0.031 0.077 0.079 0.141 0.112 0.098 0.077 0.077 0.079 0.077 0.176 0.077 0.077 0.077 0.157 0.077 0.193 0.258 -0.072 -0.104 -0.135 -0.114 -0.178 0.031 -0.104 0.077 -0.017 0.193
0.579 0.380 0.557 0.487 1.000 0.619 0.606 0.574 0.352 0.228 0.687 0.119 0.119 0.240 0.119 0.540 0.119 0.169 0.382 0.417 0.119 0.393 0.260 0.349 0.419 0.392 0.186 0.304 0.484 0.384 0.637 0.663 0.220 0.177 -0.007 0.100 0.448 0.144 0.396 0.261 0.409 0.514 0.294 0.114 0.038 0.270 0.342 0.270 0.242 0.241 0.444 0.592 0.278 0.423 0.184 0.211 0.278 0.389 0.552 0.186 0.208 0.540 0.211 0.417 0.336 0.380 0.246 0.464 0.430 0.576 0.319 0.598 0.169 0.207 0.473 0.242 0.077 0.381 0.240 0.364 0.268 0.102 0.329 0.278 0.285 0.100 0.119 0.261 0.207 -0.107 0.054 0.179 0.018 0.144 0.359 0.171 0.322 0.284 0.327 0.186 0.119 0.207 0.270 -0.007 0.119 0.169 0.302 0.207 0.066 0.119 0.119 0.169 0.119 0.186 0.119 0.119 0.119 0.240 0.119 0.220 0.410 -0.007 -0.011 -0.035 -0.040 -0.088 0.100 0.066 0.119 0.038 0.220
0.354 0.222 0.390 0.357 0.619 1.000 0.573 0.390 0.349 0.074 0.493 0.000 0.000 0.179 0.000 0.393 0.000 0.103 0.318 0.354 0.000 0.211 0.240 0.248 0.165 0.216 0.067 0.253 0.452 0.261 0.527 0.520 0.104 -0.056 -0.031 0.072 0.338 0.034 0.336 0.248 0.331 0.469 0.172 0.067 0.017 0.232 0.264 0.229 0.204 0.284 0.253 0.378 0.278 0.291 0.024 0.229 0.229 0.331 0.488 0.067 0.156 0.497 0.179 0.249 0.268 0.246 0.165 0.331 0.354 0.484 0.150 0.527 0.103 0.146 0.301 0.192 -0.031 0.305 0.204 0.192 0.214 -0.014 0.214 0.209 0.257 -0.031 0.101 0.232 0.176 -0.141 -0.066 0.066 0.067 0.164 0.298 0.176 0.204 0.167 0.278 0.067 0.101 0.072 0.229 0.072 0.000 0.143 0.256 0.176 0.104 0.101 0.101 0.017 0.101 0.229 0.101 0.101 0.101 0.204 0.101 0.104 0.293 -0.031 -0.119 -0.141 -0.066 -0.119 -0.031 -0.045 0.101 0.017 0.178
0.551 0.509 0.594 0.527 0.606 0.573 1.000 0.655 0.331 0.294 0.586 0.099 0.099 0.201 0.099 0.526 0.099 0.141 0.312 0.293 0.099 0.280 0.268 0.278 0.326 0.484 0.145 0.376 0.445 0.342 0.443 0.511 0.174 0.001 -0.034 0.070 0.506 0.160 0.272 0.226 0.369 0.503 0.334 0.063 0.141 0.257 0.258 0.226 0.199 0.330 0.511 0.683 0.273 0.402 0.164 0.224 0.289 0.313 0.708 0.064 0.151 0.403 0.201 0.369 0.348 0.430 0.260 0.481 0.349 0.476 0.199 0.591 0.141 0.173 0.322 0.233 0.095 0.337 0.201 0.298 0.267 0.064 0.313 0.273 0.415 0.173 0.099 0.330 0.173 -0.144 0.021 0.131 0.226 0.224 0.306 0.173 0.200 0.287 0.273 0.145 0.099 0.173 0.226 0.070 0.099 0.141 0.269 0.173 0.174 0.099 0.099 0.141 0.099 0.226 0.099 0.099 0.099 0.111 0.099 0.229 0.331 -0.034 -0.048 -0.075 -0.069 -0.122 0.070 0.026 0.099 0.015 0.229
0.610 0.614 0.742 0.425 0.574 0.390 0.655 1.000 0.279 0.070 0.439 0.084 0.084 0.169 0.084 0.528 0.084 0.119 0.255 0.294 0.084 0.419 0.301 0.219 0.315 0.682 0.110 0.423 0.329 0.234 0.419 0.457 0.135 0.198 -0.060 0.043 0.223 -0.014 0.289 0.131 0.163 0.340 0.172 -0.045 -0.007 0.183 0.201 0.172 0.127 0.219 0.457 0.727 0.244 0.315 0.286 0.244 0.179 0.263 0.549 0.110 0.158 0.412 0.169 0.412 0.336 0.315 0.092 0.472 0.294 0.354 0.196 0.493 0.119 0.146 0.393 0.301 0.162 0.408 0.169 0.431 0.203 0.029 0.216 0.230 0.413 0.146 0.084 0.219 0.121 -0.184 -0.010 0.021 0.190 0.162 0.238 0.146 0.212 0.315 0.230 0.172 0.084 0.146 0.172 0.146 0.084 0.119 0.139 0.121 0.135 0.084 0.084 0.119 0.084 0.172 0.084 0.084 0.084 0.169 0.084 0.135 0.279 -0.060 -0.086 -0.116 -0.099 -0.159 0.043 -0.012 0.084 -0.007 0.193
0.351 0.249 0.311 0.211 0.352 0.349 0.331 0.279 1.000 0.403 0.351 -0.027 -0.027 -0.055 -0.027 0.195 -0.027 -0.038 0.359 0.284 -0.027 0.243 0.306 0.161 0.222 0.175 0.082 0.262 0.358 0.406 0.283 0.492 0.064 0.025 -0.047 -0.047 0.485 0.267 0.205 0.518 0.578 0.673 0.422 0.243 0.186 0.236 0.267 0.226 0.284 0.072 0.300 0.353 0.037 0.262 0.062 0.267 0.497 0.430 0.424 -0.061 0.223 0.392 -0.055 0.316 0.495 0.507 0.434 0.400 0.380 0.365 0.093 0.413 -0.038 0.137 0.331 0.138 0.152 0.282 0.106 0.235 0.430 -0.061 0.430 0.267 0.305 -0.047 -0.027 0.161 0.505 0.049 0.106 0.294 -0.061 0.267 0.284 -0.047 0.417 0.373 0.382 0.226 0.289 0.137 0.514 -0.047 -0.027 -0.038 0.172 0.321 -0.067 0.289 0.289 -0.038 -0.027 0.514 0.289 -0.027 -0.027 0.106 -0.027 0.328 0.404 0.137 0.064 0.049 0.106 0.064 0.137 0.196 0.289 0.186 0.328
0.267 0.150 0.181 0.080 0.228 0.074 0.294 0.070 0.403 1.000 0.375 0.121 0.121 0.057 0.121 0.264 0.121 0.040 0.295 0.270 0.121 0.167 0.119 0.215 0.181 0.047 -0.063 0.116 0.362 0.485 0.235 0.434 0.225 -0.009 -0.005 -0.005 0.609 0.333 0.301 0.411 0.513 0.391 0.569 0.357 0.171 0.003 0.241 0.190 0.158 0.058 0.352 0.275 0.082 0.240 0.039 0.082 0.333 0.274 0.289 0.022 0.031 0.206 0.151 0.234 0.343 0.374 0.692 0.403 0.270 0.296 -0.010 0.301 0.171 0.211 0.226 0.169 0.082 0.277 -0.037 0.190 0.153 0.106 0.381 0.216 0.076 0.211 0.121 0.163 0.211 0.307 0.214 0.307 -0.063 0.082 0.270 0.103 0.184 0.244 0.284 0.106 0.121 -0.005 0.274 -0.005 0.121 0.040 0.112 0.211 0.147 0.121 0.121 0.171 0.121 0.190 0.121 -0.065 -0.065 0.057 -0.065 0.279 0.359 0.174 0.279 0.307 0.214 0.279 0.174 0.279 0.000 0.123 0.225
0.507 0.388 0.508 0.392 0.687 0.493 0.586 0.439 0.351 0.375 1.000 0.137 0.137 0.179 0.137 0.414 0.137 0.057 0.405 0.420 0.137 0.306 0.273 0.321 0.305 0.338 -0.042 0.241 0.513 0.365 0.503 0.643 0.100 0.023 0.013 0.013 0.515 0.186 0.393 0.321 0.487 0.556 0.370 0.157 0.057 0.192 0.349 0.223 0.203 0.157 0.531 0.527 0.116 0.311 0.190 0.045 0.257 0.321 0.533 0.046 0.003 0.486 0.277 0.391 0.349 0.352 0.414 0.523 0.496 0.533 0.086 0.503 0.194 0.239 0.396 0.376 -0.025 0.421 0.081 0.373 0.194 0.135 0.365 0.186 0.167 0.013 0.137 0.103 0.239 -0.080 0.081 0.221 0.135 0.257 0.420 0.198 0.296 0.301 0.378 0.046 0.137 0.013 0.223 0.126 0.137 0.057 0.371 0.239 0.100 0.137 0.137 0.057 0.137 0.311 0.137 -0.057 -0.057 0.179 -0.057 0.317 0.265 0.013 0.019 -0.005 -0.017 -0.062 0.126 0.100 0.137 0.057 0.100
0.137 0.123 0.093 0.077 0.119 0.000 0.099 0.084 -0.027 0.121 0.137 1.000 1.000 0.494 1.000 0.148 1.000 0.704 0.264 0.276 1.000 0.168 -0.033 -0.031 0.134 0.070 -0.018 0.127 0.219 0.206 0.157 0.168 -0.020 -0.024 -0.014 -0.014 0.145 -0.023 0.289 -0.031 0.213 0.195 0.195 -0.024 -0.011 0.139 0.264 -0.018 -0.028 0.253 0.127 0.106 0.344 0.176 -0.032 -0.023 -0.023 -0.026 0.123 -0.018 -0.026 0.200 0.494 -0.039 -0.032 0.227 -0.048 0.176 0.276 0.190 -0.028 0.157 0.704 0.573 -0.044 -0.033 -0.023 -0.042 -0.016 0.164 -0.026 -0.018 -0.026 0.344 -0.055 -0.014 -0.008 0.253 -0.014 -0.021 -0.016 -0.021 -0.018 -0.023 0.276 -0.014 -0.021 -0.034 0.344 -0.018 -0.008 -0.014 -0.018 -0.014 1.000 -0.011 0.369 -0.014 -0.020 -0.008 -0.008 -0.011 -0.008 -0.018 -0.008 -0.008 -0.008 -0.016 -0.008 -0.020 -0.027 -0.014 -0.020 -0.021 -0.016 -0.020 -0.014 -0.020 -0.008 -0.011 -0.020
0.137 0.123 0.093 0.077 0.119 0.000 0.099 0.084 -0.027 0.121 0.137 1.000 1.000 0.494 1.000 0.148 1.000 0.704 0.264 0.276 1.000 0.168 -0.033 -0.031 0.134 0.070 -0.018 0.127 0.219 0.206 0.157 0.168 -0.020 -0.024 -0.014 -0.014 0.145 -0.023 0.289 -0.031 0.213 0.195 0.195 -0.024 -0.011 0.139 0.264 -0.018 -0.028 0.253 0.127 0.106 0.344 0.176 -0.032 -0.023 -0.023 -0.026 0.123 -0.018 -0.026 0.200 0.494 -0.039 -0.032 0.227 -0.048 0.176 0.276 0.190 -0.028 0.157 0.704 0.573 -0.044 -0.033 -0.023 -0.042 -0.016 0.164 -0.026 -0.018 -0.026 0.344 -0.055 -0.014 -0.008 0.253 -0.014 -0.021 -0.016 -0.021 -0.018 -0.023 0.276 -0.014 -0.021 -0.034 0.344 -0.018 -0.008 -0.014 -0.018 -0.014 1.000 -0.011 0.369 -0.014 -0.020 -0.008 -0.008 -0.011 -0.008 -0.018 -0.008 -0.008 -0.008 -0.016 -0.008 -0.020 -0.027 -0.014 -0.020 -0.021 -0.016 -0.020 -0.014 -0.020 -0.008 -0.011 -0.020
0.277 0.249 0.189 0.137 0.240 0.179 0.201 0.169 -0.055 0.057 0.179 0.494 0.494 1.000 0.494 0.299 0.494 0.340 0.386 0.097 0.494 0.231 0.204 0.081 0.174 0.142 -0.036 0.257 0.315 0.170 0.159 0.231 0.173 -0.049 0.269 0.566 0.193 -0.046 0.266 0.081 0.178 0.157 0.038 -0.049 -0.022 0.133 0.386 0.427 0.251 0.369 0.257 0.214 0.510 0.356 -0.065 0.325 0.139 0.115 0.154 0.427 0.283 0.406 0.742 0.042 0.075 0.195 0.011 0.245 0.251 0.384 0.405 0.213 0.702 0.566 0.133 0.068 -0.046 0.144 0.226 0.332 -0.052 0.196 0.115 0.139 0.088 -0.028 -0.016 0.081 -0.028 -0.043 -0.032 -0.043 -0.036 -0.046 0.405 -0.028 0.155 0.063 0.139 -0.036 -0.016 -0.028 -0.036 -0.028 0.494 0.702 0.155 0.269 0.173 -0.016 -0.016 0.340 -0.016 -0.036 -0.016 0.494 0.494 -0.032 0.494 -0.040 0.106 -0.028 -0.040 -0.043 -0.032 -0.040 -0.028 -0.040 -0.016 -0.022 -0.040
0.137 0.123 0.093 0.077 0.119 0.000 0.099 0.084 -0.027 0.121 0.137 1.000 1.000 0.494 1.000 0.148 1.000 0.704 0.264 0.276 1.000 0.168 -0.033 -0.031 0.134 0.070 -0.018 0.127 0.219 0.206 0.157 0.168 -0.020 -0.024 -0.014 -0.014 0.145 -0.023 0.289 -0.031 0.213 0.195 0.195 -0.024 -0.011 0.139 0.264 -0.018 -0.028 0.253 0.127 0.106 0.344 0.176 -0.032 -0.023 -0.023 -0.026 0.123 -0.018 -0.026 0.200 0.494 -0.039 -0.032 0.227 -0.048 0.176 0.276 0.190 -0.028 0.157 0.704 0.573 -0.044 -0.033 -0.023 -0.042 -0.016 0.164 -0.026 -0.018 -0.026 0.344 -0.055 -0.014 -0.008 0.253 -0.014 -0.021 -0.016 -0.021 -0.018 -0.023 0.276 -0.014 -0.021 -0.034 0.344 -0.018 -0.008 -0.014 -0.018 -0.014 1.000 -0.011 0.369 -0.014 -0.020 -0.008 -0.008 -0.011 -0.008 -0.018 -0.008 -0.008 -0.008 -0.016 -0.008 -0.020 -0.027 -0.014 -0.020 -0.021 -0.016 -0.020 -0.014 -0.020 -0.008 -0.011 -0.020
0.689 0.641 0.557 0.522 0.540 0.393 0.526 0.528 0.195 0.264 0.414 0.148 0.148 0.299 0.148 1.000 0.148 0.210 0.485 0.354 0.148 0.528 0.469 0.453 0.518 0.474 0.245 0.516 0.521 0.181 0.645 0.453 0.286 0.251 0.141 0.141 0.268 -0.154 0.321 0.074 0.248 0.319 0.150 -0.164 -0.075 0.388 0.424 0.336 0.414 0.244 0.554 0.605 0.284 0.522 0.442 0.357 0.138 0.353 0.490 0.153 0.287 0.403 0.299 0.534 0.497 0.391 0.310 0.621 0.394 0.490 0.330 0.645 0.210 0.258 0.522 0.452 0.211 0.609 0.299 0.639 0.353 0.062 0.221 0.357 0.441 0.258 0.148 0.357 0.258 -0.143 -0.107 -0.143 0.245 0.284 0.354 0.258 0.400 0.426 0.357 0.245 0.148 0.258 0.336 0.141 0.148 0.210 0.167 0.258 0.202 0.148 0.148 0.210 0.148 0.336 0.148 0.148 0.148 0.198 0.148 0.035 0.447 -0.092 -0.132 -0.143 -0.107 -0.132 -0.092 -0.132 -0.053 -0.075 0.286
0.137 0.123 0.093 0.077 0.119 0.000 0.099 0.084 -0.027 0.121 0.137 1.000 1.000 0.494 1.000 0.148 1.000 0.704 0.264 0.276 1.000 0.168 -0.033 -0.031 0.134 0.070 -0.018 0.127 0.219 0.206 0.157 0.168 -0.020 -0.024 -0.014 -0.014 0.145 -0.023 0.289 -0.031 0.213 0.195 0.195 -0.024 -0.011 0.139 0.264 -0.018 -0.028 0.253 0.127 0.106 0.344 0.176 -0.032 -0.023 -0.023 -0.026 0.123 -0.018 -0.026 0.200 0.494 -0.039 -0.032 0.227 -0.048 0.176 0.276 0.190 -0.028 0.157 0.704 0.573 -0.044 -0.033 -0.023 -0.042 -0.016 0.164 -0.026 -0.018 -0.026 0.344 -0.055 -0.014 -0.008 0.253 -0.014 -0.021 -0.016 -0.021 -0.018 -0.023 0.276 -0.014 -0.021 -0.034 0.344 -0.018 -0.008 -0.014 -0.018 -0.014 1.000 -0.011 0.369 -0.014 -0.020 -0.008 -0.008 -0.011 -0.008 -0.018 -0.008 -0.008 -0.008 -0.016 -0.008 -0.020 -0.027 -0.014 -0.020 -0.021 -0.016 -0.020 -0.014 -0.020 -0.008 -0.011 -0.020
0.057 0.042 0.132 0.110 0.169 0.103 0.141 0.119 -0.038 0.040 0.057 0.704 0.704 0.340 0.704 0.210 0.704 1.000 0.276 0.176 0.704 0.086 -0.047 -0.044 0.054 0.100 -0.025 0.047 0.131 0.120 0.223 0.086 -0.028 -0.034 -0.019 -0.019 0.065 -0.032 0.186 -0.044 0.125 0.110 0.110 -0.034 -0.016 0.059 0.166 -0.025 -0.040 0.158 0.047 0.150 0.228 0.093 -0.046 -0.032 -0.032 -0.036 0.174 -0.025 -0.036 0.115 0.340 -0.055 -0.046 0.137 -0.068 0.093 0.176 0.105 -0.040 0.076 0.492 0.397 -0.063 -0.047 -0.032 -0.060 -0.022 0.083 -0.036 -0.025 -0.036 0.228 0.062 -0.019 -0.011 0.158 -0.019 -0.030 -0.022 -0.030 -0.025 -0.032 0.176 -0.019 -0.030 -0.049 0.228 -0.025 -0.011 -0.019 -0.025 -0.019 0.704 -0.016 0.247 -0.019 -0.028 -0.011 -0.011 -0.016 -0.011 -0.025 -0.011 -0.011 -0.011 -0.022 -0.011 -0.028 -0.038 -0.019 -0.028 -0.030 -0.022 -0.028 -0.019 -0.028 -0.011 -0.016 -0.028
0.462 0.411 0.290 0.231 0.382 0.318 0.312 0.255 0.359 0.295 0.405 0.264 0.264 0.386 0.264 0.485 0.264 0.276 1.000 0.425 0.264 0.386 0.343 0.463 0.452 0.204 0.066 0.427 0.608 0.283 0.455 0.448 0.293 0.110 0.119 0.119 0.317 -0.086 0.359 0.214 0.515 0.464 0.327 -0.092 -0.042 0.357 0.487 0.333 0.425 0.297 0.427 0.335 0.341 0.602 0.120 0.234 0.234 0.577 0.396 0.066 0.192 0.550 0.534 0.271 0.521 0.555 0.313 0.538 0.691 0.584 0.425 0.535 0.375 0.461 0.410 0.343 0.234 0.436 0.089 0.437 0.288 0.066 0.192 0.448 0.345 0.119 -0.030 0.380 0.461 -0.080 -0.060 -0.080 -0.067 0.234 0.513 0.119 0.488 0.479 0.555 0.333 0.264 0.119 0.333 -0.052 0.264 0.166 0.375 0.461 0.171 0.264 0.264 0.375 -0.030 0.466 0.264 -0.030 -0.030 0.089 -0.030 0.048 0.543 -0.052 -0.074 -0.080 -0.060 -0.074 -0.052 -0.074 -0.030 -0.042 0.415
0.236 0.220 0.327 0.173 0.417 0.354 0.293 0.294 0.284 0.270 0.420 0.276 0.276 0.097 0.276 0.354 0.276 0.176 0.425 1.000 0.276 0.285 0.284 0.317 0.254 0.190 0.074 0.176 0.564 0.231 0.382 0.479 -0.071 0.017 -0.049 -0.049 0.405 -0.082 0.476 0.146 0.394 0.392 0.351 -0.088 -0.040 0.269 0.425 0.212 0.265 0.317 0.233 0.275 0.139 0.238 0.134 0.139 0.139 0.306 0.276 -0.064 0.107 0.483 0.251 0.220 0.300 0.349 0.275 0.305 0.449 0.478 0.081 0.382 0.176 0.305 0.172 0.203 0.139 0.258 0.097 0.339 0.207 -0.064 0.207 0.360 0.158 -0.049 -0.028 0.231 0.305 -0.077 -0.057 -0.077 -0.064 0.250 0.632 0.305 0.277 0.270 0.785 0.212 0.276 0.128 0.350 -0.049 0.276 -0.040 0.592 0.305 -0.071 0.276 0.276 -0.040 -0.028 0.350 0.276 -0.028 -0.028 0.097 -0.028 0.183 0.284 -0.049 -0.071 -0.077 -0.057 -0.071 -0.049 -0.071 -0.028 -0.040 0.183
0.137 0.123 0.093 0.077 0.119 0.000 0.099 0.084 -0.027 0.121 0.137 1.000 1.000 0.494 1.000 0.148 1.000 0.704 0.264 0.276 1.000 0.168 -0.033 -0.031 0.134 0.070 -0.018 0.127 0.219 0.206 0.157 0.168 -0.020 -0.024 -0.014 -0.014 0.145 -0.023 0.289 -0.031 0.213 0.195 0.195 -0.024 -0.011 0.139 0.264 -0.018 -0.028 0.253 0.127 0.106 0.344 0.176 -0.032 -0.023 -0.023 -0.026 0.123 -0.018 -0.026 0.200 0.494 -0.039 -0.032 0.227 -0.048 0.176 0.276 0.190 -0.028 0.157 0.704 0.573 -0.044 -0.033 -0.023 -0.042 -0.016 0.164 -0.026 -0.018 -0.026 0.344 -0.055 -0.014 -0.008 0.253 -0.014 -0.021 -0.016 -0.021 -0.018 -0.023 0.276 -0.014 -0.021 -0.034 0.344 -0.018 -0.008 -0.014 -0.018 -0.014 1.000 -0.011 0.369 -0.014 -0.020 -0.008 -0.008 -0.011 -0.008 -0.018 -0.008 -0.008 -0.008 -0.016 -0.008 -0.020 -0.027 -0.014 -0.020 -0.021 -0.016 -0.020 -0.014 -0.020 -0.008 -0.011 -0.020
0.643 0.647 0.399 0.266 0.393 0.211 0.280 0.419 0.243 0.167 0.306 0.168 0.168 0.231 0.168 0.528 0.168 0.086 0.386 0.285 0.168 1.000 0.527 0.360 0.431 0.338 0.089 0.304 0.331 0.138 0.496 0.453 0.152 0.225 0.044 0.168 0.271 -0.135 0.176 0.058 0.259 0.311 0.161 -0.144 -0.066 0.275 0.511 0.381 0.220 0.300 0.426 0.471 0.332 0.392 0.433 0.332 0.176 0.480 0.323 0.089 0.199 0.277 0.123 0.569 0.494 0.295 0.257 0.423 0.479 0.492 0.220 0.438 0.238 0.293 0.532 0.467 0.176 0.557 0.340 0.700 0.551 -0.008 0.199 0.254 0.385 -0.081 -0.047 0.179 0.293 -0.126 -0.094 -0.126 0.238 0.381 0.285 0.044 0.455 0.684 0.332 0.187 0.168 0.168 0.381 0.090 0.168 0.238 0.123 0.293 0.062 0.168 0.168 0.086 -0.047 0.348 0.168 0.168 0.168 0.231 0.168 0.062 0.513 -0.081 -0.116 -0.126 -0.094 -0.116 -0.081 -0.116 -0.047 -0.066 0.241
0.358 0.462 0.341 0.177 0.260 0.240 0.268 0.301 0.306 0.119 0.273 -0.033 -0.033 0.204 -0.033 0.469 -0.033 -0.047 0.343 0.284 -0.033 0.527 1.000 0.398 0.264 0.244 0.168 0.341 0.324 0.099 0.339 0.258 0.029 -0.011 0.098 0.254 0.194 -0.097 0.138 0.171 0.242 0.205 0.079 -0.103 -0.047 0.367 0.499 0.534 0.446 0.171 0.441 0.343 0.196 0.250 0.377 0.488 0.196 0.507 0.225 0.168 0.243 0.280 0.068 0.471 0.597 0.271 0.248 0.339 0.446 0.316 0.284 0.394 0.143 0.254 0.339 0.358 0.098 0.364 0.340 0.630 0.470 0.046 0.155 0.196 0.343 -0.058 -0.033 0.171 0.410 -0.090 -0.067 -0.090 0.493 0.554 0.284 -0.058 0.429 0.597 0.293 0.168 0.235 0.098 0.412 0.410 -0.033 0.333 0.117 0.410 0.029 0.235 0.235 0.143 -0.033 0.534 0.235 0.235 0.235 0.068 0.235 0.029 0.390 -0.058 -0.083 -0.090 -0.067 -0.083 -0.058 -0.083 -0.033 -0.047 0.140
0.414 0.364 0.269 0.194 0.349 0.248 0.278 0.219 0.161 0.215 0.321 -0.031 -0.031 0.081 -0.031 0.453 -0.031 -0.044 0.463 0.317 -0.031 0.360 0.398 1.000 0.405 0.271 0.237 0.435 0.219 0.126 0.445 0.300 0.278 0.394 0.112 0.112 0.123 -0.090 0.161 0.119 0.207 0.239 0.041 -0.096 -0.044 0.385 0.463 0.446 0.317 0.279 0.396 0.317 0.220 0.446 0.418 0.117 0.117 0.365 0.327 0.188 0.085 0.184 0.225 0.386 0.418 0.306 0.290 0.384 0.403 0.358 0.317 0.445 0.158 0.277 0.384 0.474 0.324 0.474 0.369 0.386 0.365 0.188 0.272 0.530 0.375 0.277 0.253 0.359 0.277 -0.084 -0.062 -0.084 0.188 0.324 0.317 0.112 0.356 0.527 0.324 0.446 0.253 0.375 0.317 0.112 -0.031 0.158 0.136 0.442 0.160 0.253 0.253 0.360 0.253 0.188 0.253 -0.031 -0.031 0.081 -0.031 0.041 0.340 -0.054 -0.077 -0.084 -0.062 -0.077 -0.054 -0.077 -0.031 -0.044 0.396
0.530 0.409 0.250 0.370 0.419 0.165 0.326 0.315 0.222 0.181 0.305 0.134 0.134 0.174 0.134 0.518 0.134 0.054 0.452 0.254 0.134 0.431 0.264 0.405 1.000 0.279 0.305 0.362 0.319 0.231 0.449 0.390 0.311 0.186 0.010 0.010 0.206 -0.029 0.162 0.042 0.250 0.240 0.150 -0.114 -0.083 0.254 0.284 0.218 0.290 0.204 0.472 0.370 0.251 0.415 0.340 0.181 0.181 0.377 0.445 0.081 0.188 0.213 0.272 0.522 0.340 0.292 0.361 0.415 0.370 0.355 0.312 0.499 0.191 0.234 0.673 0.455 0.251 0.543 0.174 0.402 0.314 0.277 0.290 0.371 0.447 0.194 0.000 0.405 0.234 -0.083 0.077 -0.009 0.043 0.181 0.312 0.122 0.364 0.392 0.321 0.218 0.134 0.234 0.305 0.010 0.134 0.054 0.140 0.234 0.311 0.134 0.134 0.191 0.000 0.218 0.134 -0.058 -0.058 0.077 -0.058 0.255 0.464 0.010 0.015 -0.009 -0.020 -0.065 0.122 0.015 0.134 0.054 0.255
0.513 0.471 0.627 0.430 0.392 0.216 0.484 0.682 0.175 0.047 0.338 0.070 0.070 0.142 0.070 0.474 0.070 0.100 0.204 0.190 0.070 0.338 0.244 0.271 0.279 1.000 0.145 0.416 0.315 0.157 0.370 0.377 0.100 0.208 0.017 0.017 0.232 0.007 0.186 0.113 0.188 0.271 0.192 -0.094 0.100 0.185 0.259 0.145 0.190 0.226 0.484 0.568 0.139 0.396 0.282 0.194 0.194 0.159 0.370 0.160 0.097 0.259 0.142 0.346 0.231 0.256 0.041 0.316 0.247 0.282 0.190 0.370 0.100 0.101 0.316 0.293 0.194 0.377 0.125 0.387 0.159 -0.005 0.159 0.194 0.315 0.123 0.070 0.113 0.101 -0.231 -0.041 -0.020 0.160 0.194 0.190 0.123 0.179 0.256 0.194 0.145 0.000 0.101 0.145 0.123 0.070 0.100 0.120 0.101 0.100 0.000 0.000 0.100 0.070 0.145 0.000 0.070 0.070 0.142 0.070 0.176 0.243 -0.088 -0.127 -0.161 -0.133 -0.202 0.017 -0.127 0.070 -0.029 0.176
0.135 0.110 0.051 0.095 0.186 0.067 0.145 0.110 0.082 -0.063 -0.042 -0.018 -0.018 -0.036 -0.018 0.245 -0.018 -0.025 0.066 0.074 -0.018 0.089 0.168 0.237 0.305 0.145 1.000 0.262 0.151 0.136 0.169 0.089 -0.044 0.325 -0.031 -0.031 -0.032 -0.052 -0.061 0.059 0.030 0.016 -0.091 -0.055 -0.025 0.139 0.066 0.168 0.212 0.059 0.118 0.077 0.115 0.139 0.303 0.281 0.115 0.092 0.110 -0.040 0.092 0.020 -0.036 0.020 0.052 0.159 -0.012 -0.001 0.074 0.116 0.350 0.169 -0.025 0.235 0.199 0.168 0.448 0.214 0.427 0.084 0.242 -0.040 0.092 0.281 0.323 -0.031 -0.018 0.317 0.235 -0.048 -0.036 -0.048 -0.040 0.115 0.074 -0.031 0.306 0.040 0.115 0.376 0.440 0.768 0.168 -0.031 -0.018 -0.025 -0.048 0.235 -0.044 0.440 0.440 -0.025 -0.018 0.168 0.440 -0.018 -0.018 0.196 -0.018 -0.044 -0.061 -0.031 -0.044 -0.048 -0.036 -0.044 -0.031 -0.044 -0.018 -0.025 0.146
0.414 0.400 0.298 0.205 0.304 0.253 0.376 0.423 0.262 0.116 0.241 0.127 0.127 0.257 0.127 0.516 0.127 0.047 0.427 0.176 0.127 0.304 0.341 0.435 0.362 0.416 0.262 1.000 0.341 0.114 0.452 0.263 0.239 0.308 0.112 0.112 0.171 -0.179 0.143 0.024 0.178 0.301 0.037 -0.190 -0.087 0.318 0.372 0.289 0.347 0.269 0.356 0.322 0.351 0.508 0.244 0.233 0.096 0.355 0.436 0.118 0.232 0.321 0.257 0.321 0.419 0.299 0.141 0.517 0.347 0.354 0.268 0.491 0.181 0.222 0.423 0.391 0.351 0.508 0.116 0.498 0.205 0.032 0.108 0.351 0.557 0.222 0.127 0.435 0.222 -0.166 -0.124 -0.166 0.032 0.164 0.347 0.112 0.324 0.316 0.233 0.262 0.127 0.184 0.289 0.222 0.127 0.181 0.126 0.222 0.239 0.127 0.127 0.181 0.127 0.289 0.127 0.127 0.127 0.116 0.127 -0.075 0.321 -0.107 -0.153 -0.166 -0.124 -0.153 -0.107 -0.153 -0.061 -0.087 0.294
0.378 0.371 0.372 0.347 0.484 0.452 0.445 0.329 0.358 0.362 0.513 0.219 0.219 0.315 0.219 0.521 0.219 0.131 0.608 0.564 0.219 0.331 0.324 0.219 0.319 0.315 0.151 0.341 1.000 0.420 0.545 0.645 0.124 -0.022 0.086 0.086 0.509 -0.011 0.438 0.291 0.590 0.511 0.472 -0.022 -0.051 0.239 0.385 0.267 0.410 0.363 0.436 0.427 0.267 0.505 -0.006 0.267 0.175 0.469 0.502 0.035 0.134 0.656 0.444 0.186 0.342 0.438 0.319 0.467 0.620 0.631 0.256 0.545 0.312 0.383 0.355 0.188 0.082 0.382 0.057 0.373 0.218 0.035 0.218 0.267 0.248 -0.062 -0.036 0.291 0.383 -0.096 -0.072 0.002 -0.081 0.175 0.641 0.235 0.397 0.240 0.546 0.151 0.219 0.086 0.267 -0.062 0.219 0.131 0.397 0.383 0.124 0.219 0.219 0.131 -0.036 0.383 0.219 -0.036 -0.036 0.186 -0.036 0.124 0.438 -0.062 -0.089 -0.096 -0.072 -0.089 -0.062 -0.089 -0.036 -0.051 0.230
0.287 0.189 0.281 0.194 0.384 0.261 0.342 0.234 0.406 0.485 0.365 0.206 0.206 0.170 0.206 0.181 0.206 0.120 0.283 0.231 0.206 0.138 0.099 0.126 0.231 0.157 0.136 0.114 0.420 1.000 0.310 0.485 0.211 -0.033 0.076 0.076 0.595 0.576 0.406 0.442 0.653 0.546 0.646 0.437 0.293 0.107 0.141 0.136 0.158 0.126 0.233 0.382 0.245 0.239 -0.089 0.245 0.511 0.196 0.402 0.025 0.116 0.391 0.294 0.159 0.246 0.340 0.418 0.265 0.305 0.248 0.084 0.411 0.293 0.360 0.212 0.034 -0.021 0.180 0.047 0.128 0.036 0.136 0.517 0.156 0.115 -0.066 -0.038 0.195 0.076 -0.008 0.170 0.531 -0.086 -0.021 0.305 0.218 0.086 0.086 0.334 0.025 0.206 0.076 0.136 -0.066 0.206 0.120 0.086 0.218 0.109 0.206 0.206 0.120 -0.038 0.025 0.206 -0.038 -0.038 -0.077 -0.038 0.414 0.253 0.076 0.109 0.181 0.047 0.109 0.218 0.211 0.206 0.120 0.109
0.543 0.467 0.517 0.490 0.637 0.527 0.443 0.419 0.283 0.235 0.503 0.157 0.157 0.159 0.157 0.645 0.157 0.223 0.455 0.382 0.157 0.496 0.339 0.445 0.449 0.370 0.169 0.452 0.545 0.310 1.000 0.619 0.220 0.131 0.154 0.034 0.350 -0.145 0.283 0.037 0.329 0.469 0.179 -0.154 -0.071 0.405 0.414 0.263 0.382 0.329 0.452 0.520 0.232 0.519 0.192 0.232 0.156 0.448 0.584 0.075 0.176 0.474 0.280 0.489 0.362 0.317 0.306 0.519 0.569 0.531 0.226 0.653 0.223 0.274 0.519 0.449 0.156 0.559 0.213 0.422 0.380 0.075 0.244 0.307 0.419 0.154 0.157 0.329 0.274 -0.135 -0.101 -0.135 0.075 0.232 0.489 0.274 0.426 0.371 0.382 0.169 0.157 0.154 0.357 0.034 0.157 0.076 0.266 0.274 0.220 0.157 0.157 0.076 0.157 0.263 0.157 -0.050 -0.050 0.318 -0.050 0.048 0.478 -0.087 -0.124 -0.135 -0.101 -0.124 -0.087 -0.124 -0.050 -0.071 0.220
0.516 0.364 0.514 0.381 0.663 0.520 0.511 0.457 0.492 0.434 0.643 0.168 0.168 0.231 0.168 0.453 0.168 0.086 0.448 0.479 0.168 0.453 0.258 0.300 0.390 0.377 0.089 0.263 0.645 0.485 0.619 1.000 0.152 0.077 0.044 0.044 0.600 0.176 0.445 0.421 0.563 0.547 0.496 0.225 0.086 0.248 0.386 0.284 0.220 0.360 0.508 0.548 0.254 0.439 0.161 0.176 0.410 0.480 0.606 -0.008 0.129 0.517 0.340 0.379 0.454 0.518 0.437 0.471 0.544 0.639 0.155 0.619 0.238 0.293 0.485 0.258 0.099 0.408 0.123 0.392 0.340 -0.008 0.340 0.254 0.301 -0.081 -0.047 0.179 0.293 -0.043 0.014 0.206 -0.008 0.176 0.525 0.168 0.455 0.295 0.410 0.187 0.168 0.168 0.381 0.044 0.168 0.086 0.289 0.293 0.062 0.168 0.168 0.086 -0.047 0.284 0.168 -0.047 -0.047 0.340 -0.047 0.241 0.513 0.044 -0.027 -0.043 0.014 -0.027 0.044 0.062 0.168 0.086 0.241
0.261 0.229 0.159 0.179 0.220 0.104 0.174 0.135 0.064 0.225 0.100 -0.020 -0.020 0.173 -0.020 0.286 -0.020 -0.028 0.293 -0.071 -0.020 0.152 0.029 0.278 0.311 0.100 -0.044 0.239 0.124 0.211 0.220 0.152 1.000 0.229 0.210 0.210 0.114 -0.057 0.064 0.041 0.116 0.096 -0.002 -0.060 -0.028 0.104 0.048 0.146 0.183 0.041 0.208 0.190 0.248 0.348 0.035 0.248 0.248 0.211 0.199 0.337 0.211 0.102 0.173 0.202 0.379 0.240 0.322 0.348 0.183 0.089 0.183 0.220 0.270 0.210 0.256 0.140 0.096 0.273 -0.040 0.146 0.074 0.427 0.349 0.248 0.239 0.454 0.400 0.278 -0.034 -0.053 -0.040 -0.053 -0.044 -0.057 0.056 -0.034 0.110 0.240 -0.057 0.146 -0.020 -0.034 0.146 -0.034 -0.020 0.270 -0.053 0.210 0.650 -0.020 -0.020 0.568 0.400 -0.044 -0.020 -0.020 -0.020 -0.040 -0.020 -0.049 0.460 -0.034 -0.049 -0.053 -0.040 -0.049 -0.034 -0.049 -0.020 -0.028 0.301
0.290 0.188 0.045 0.056 0.177 -0.056 0.001 0.198 0.025 -0.009 0.023 -0.024 -0.024 -0.049 -0.024 0.251 -0.024 -0.034 0.110 0.017 -0.024 0.225 -0.011 0.394 0.186 0.208 0.325 0.308 -0.022 -0.033 0.131 0.077 0.229 1.000 -0.042 -0.042 -0.099 -0.070 -0.084 0.002 -0.028 -0.043 -0.124 -0.075 -0.034 0.028 0.009 0.103 0.122 0.002 0.134 0.142 0.056 0.242 0.530 0.056 0.056 0.034 0.124 0.103 0.034 -0.038 -0.049 0.291 0.185 0.163 -0.002 0.166 0.017 0.031 0.227 0.060 -0.034 0.160 0.318 0.308 0.506 0.300 0.302 0.217 0.148 0.103 0.148 0.434 0.205 0.362 0.323 0.296 0.160 -0.066 -0.049 -0.066 -0.055 0.056 0.017 -0.042 0.337 0.163 0.056 0.576 0.323 0.362 0.103 -0.042 -0.024 -0.034 -0.066 0.160 0.084 0.323 0.323 0.212 0.323 0.103 0.323 -0.024 -0.024 0.127 -0.024 -0.060 0.025 -0.042 -0.060 -0.066 -0.049 -0.060 -0.042 -0.060 -0.024 -0.034 0.229
0.013 -0.003 0.060 0.112 -0.007 -0.031 -0.034 -0.060 -0.047 -0.005 0.013 -0.014 -0.014 0.269 -0.014 0.141 -0.014 -0.019 0.119 -0.049 -0.014 0.044 0.098 0.112 0.010 0.017 -0.031 0.112 0.086 0.076 0.154 0.044 0.210 -0.042 1.000 0.492 0.022 -0.040 0.137 0.112 0.081 0.067 -0.070 -0.042 -0.019 0.243 0.119 0.235 0.305 0.112 0.003 -0.024 0.174 0.179 -0.056 0.174 0.174 0.148 -0.003 0.235 0.340 0.071 0.269 0.071 0.104 0.092 0.040 0.051 0.128 0.063 0.186 0.034 0.397 0.317 0.051 0.098 -0.040 0.058 -0.028 0.040 -0.045 0.235 0.148 -0.040 0.133 -0.024 -0.014 -0.054 -0.024 -0.037 -0.028 -0.037 -0.031 -0.040 0.128 -0.024 0.190 0.092 -0.040 -0.031 -0.014 -0.024 -0.031 -0.024 -0.014 0.397 -0.037 0.317 0.210 -0.014 -0.014 0.397 -0.014 -0.031 -0.014 -0.014 -0.014 -0.028 -0.014 -0.034 0.137 -0.024 -0.034 -0.037 -0.028 -0.034 -0.024 -0.034 -0.014 -0.019 -0.034
0.126 0.106 0.060 0.112 0.100 0.072 0.070 0.043 -0.047 -0.005 0.013 -0.014 -0.014 0.566 -0.014 0.141 -0.014 -0.019 0.119 -0.049 -0.014 0.168 0.254 0.112 0.010 0.017 -0.031 0.112 0.086 0.076 0.034 0.044 0.210 -0.042 0.492 1.000 0.137 -0.040 0.137 0.112 0.081 0.067 -0.070 -0.042 -0.019 0.062 0.290 0.502 0.305 0.277 0.112 0.080 0.387 0.179 -0.056 0.387 0.174 0.148 -0.003 0.502 0.340 0.211 0.269 0.071 0.104 0.092 0.040 0.051 0.128 0.197 0.482 0.034 0.397 0.317 0.051 0.098 -0.040 0.058 0.269 0.163 -0.045 0.235 0.148 -0.040 0.133 -0.024 -0.014 -0.054 -0.024 -0.037 -0.028 -0.037 -0.031 -0.040 0.128 -0.024 0.190 0.092 -0.040 -0.031 -0.014 -0.024 -0.031 -0.024 -0.014 0.813 -0.037 0.317 0.210 -0.014 -0.014 0.397 -0.014 -0.031 -0.014 0.573 0.573 -0.028 0.573 -0.034 0.137 -0.024 -0.034 -0.037 -0.028 -0.034 -0.024 -0.034 -0.014 -0.019 -0.034
0.282 0.260 0.324 0.284 0.448 0.338 0.506 0.223 0.485 0.609 0.515 0.145 0.145 0.193 0.145 0.268 0.145 0.065 0.317 0.405 0.145 0.271 0.194 0.123 0.206 0.232 -0.032 0.171 0.509 0.595 0.350 0.600 0.114 -0.099 0.022 0.137 1.000 0.400 0.419 0.560 0.673 0.594 0.642 0.284 0.148 0.099 0.317 0.239 0.225 0.292 0.385 0.441 0.205 0.258 -0.058 0.205 0.400 0.345 0.398 0.058 0.149 0.376 0.193 0.250 0.323 0.469 0.453 0.330 0.345 0.524 0.045 0.379 0.206 0.253 0.258 0.141 -0.012 0.201 0.092 0.214 0.149 0.058 0.389 0.132 0.203 -0.094 -0.054 0.067 0.253 -0.069 0.092 0.369 -0.123 0.060 0.405 0.253 0.239 0.175 0.349 0.058 0.145 0.022 0.239 -0.094 0.145 0.206 0.316 0.253 0.031 0.145 0.145 0.065 -0.054 0.239 0.145 0.145 0.145 0.092 0.145 0.336 0.376 0.022 0.031 0.085 -0.009 0.031 0.137 0.114 0.145 0.065 0.196
0.045 -0.049 0.014 0.031 0.144 0.034 0.160 -0.014 0.267 0.333 0.186 -0.023 -0.023 -0.046 -0.023 -0.154 -0.023 -0.032 -0.086 -0.082 -0.023 -0.135 -0.097 -0.090 -0.029 0.007 -0.052 -0.179 -0.011 0.576 -0.145 0.176 -0.057 -0.070 -0.040 -0.040 0.400 1.000 0.037 0.375 0.437 0.225 0.543 0.648 0.488 -0.092 -0.086 -0.052 -0.082 -0.090 0.096 0.112 -0.066 -0.049 -0.093 -0.066 0.334 -0.075 0.154 -0.052 -0.075 -0.026 -0.046 0.061 0.007 0.185 0.289 -0.049 -0.082 -0.036 -0.082 0.006 -0.032 -0.040 0.031 -0.097 -0.066 -0.123 -0.046 -0.138 -0.075 0.115 0.286 -0.066 -0.088 -0.040 -0.023 -0.090 -0.040 0.080 0.325 0.922 -0.052 -0.066 -0.082 -0.040 -0.062 -0.100 -0.066 -0.052 -0.023 -0.040 -0.052 -0.040 -0.023 -0.032 -0.062 -0.040 -0.057 -0.023 -0.023 -0.032 -0.023 -0.052 -0.023 -0.023 -0.023 -0.046 -0.023 0.401 -0.079 0.174 0.248 0.364 0.139 0.248 0.387 0.401 0.344 0.228 -0.057
0.229 0.190 0.322 0.200 0.396 0.336 0.272 0.289 0.205 0.301 0.393 0.289 0.289 0.266 0.289 0.321 0.289 0.186 0.359 0.476 0.289 0.176 0.138 0.161 0.162 0.186 -0.061 0.143 0.438 0.406 0.283 0.445 0.064 -0.084 0.137 0.137 0.419 0.037 1.000 0.429 0.469 0.500 0.452 0.134 0.186 0.236 0.174 0.082 0.189 0.250 0.202 0.294 0.267 0.193 -0.111 0.037 0.267 0.223 0.307 0.082 0.015 0.542 0.426 0.091 0.149 0.455 0.235 0.331 0.284 0.485 -0.002 0.413 0.411 0.321 0.054 0.138 -0.079 0.139 -0.055 0.235 0.015 0.082 0.327 0.152 0.058 -0.047 -0.027 0.072 0.137 -0.073 -0.055 0.049 -0.061 -0.079 0.284 0.505 0.172 0.127 0.382 -0.061 -0.027 -0.047 -0.061 -0.047 0.289 0.186 0.211 0.137 0.064 -0.027 -0.027 0.186 -0.027 0.082 -0.027 -0.027 -0.027 -0.055 -0.027 0.328 0.304 -0.047 -0.067 -0.073 -0.055 -0.067 -0.047 -0.067 -0.027 -0.038 0.064
0.103 0.012 0.219 0.142 0.261 0.248 0.226 0.131 0.518 0.411 0.321 -0.031 -0.031 0.081 -0.031 0.074 -0.031 -0.044 0.214 0.146 -0.031 0.058 0.171 0.119 0.042 0.113 0.059 0.024 0.291 0.442 0.037 0.421 0.041 0.002 0.112 0.112 0.560 0.375 0.429 1.000 0.534 0.410 0.410 0.491 0.264 0.054 0.132 0.188 0.146 0.039 0.236 0.197 0.117 0.135 -0.049 0.117 0.488 0.272 0.275 0.059 0.085 0.184 0.081 0.116 0.262 0.421 0.349 0.135 0.231 0.293 0.060 0.212 0.158 0.277 0.135 0.096 0.014 0.025 0.081 0.051 0.085 0.059 0.365 0.117 0.116 -0.054 -0.031 0.039 0.277 0.026 0.081 0.466 -0.070 0.014 0.060 -0.054 0.246 0.159 0.117 0.059 0.253 0.112 0.059 -0.054 -0.031 0.158 -0.084 0.277 0.041 0.253 0.253 0.158 -0.031 0.188 0.253 -0.031 -0.031 -0.062 -0.031 0.278 0.161 0.112 0.041 0.026 0.081 0.041 0.112 0.160 0.253 0.158 0.160
0.355 0.255 0.252 0.268 0.409 0.331 0.369 0.163 0.578 0.513 0.487 0.213 0.213 0.178 0.213 0.248 0.213 0.125 0.515 0.394 0.213 0.259 0.242 0.207 0.250 0.188 0.030 0.178 0.590 0.653 0.329 0.563 0.116 -0.028 0.081 0.081 0.673 0.437 0.469 0.534 1.000 0.684 0.671 0.267 0.302 0.172 0.297 0.257 0.319 0.207 0.365 0.353 0.256 0.336 -0.014 0.165 0.496 0.452 0.380 0.030 0.125 0.528 0.304 0.231 0.395 0.549 0.457 0.391 0.469 0.492 0.093 0.432 0.302 0.371 0.227 0.175 0.075 0.307 0.052 0.248 0.207 0.030 0.370 0.256 0.180 -0.064 -0.037 0.207 0.371 -0.003 0.052 0.383 -0.083 0.165 0.469 0.226 0.383 0.226 0.528 0.143 0.213 0.081 0.257 -0.064 0.213 0.125 0.383 0.371 0.116 0.213 0.213 0.125 -0.037 0.370 0.213 -0.037 -0.037 0.052 -0.037 0.324 0.421 0.081 0.012 0.094 0.052 0.116 0.081 0.116 0.213 0.125 0.220
0.430 0.326 0.389 0.308 0.514 0.469 0.503 0.340 0.673 0.391 0.556 0.195 0.195 0.157 0.195 0.319 0.195 0.110 0.464 0.392 0.195 0.311 0.205 0.239 0.240 0.271 0.016 0.301 0.511 0.546 0.469 0.547 0.096 -0.043 0.067 0.067 0.594 0.225 0.500 0.410 0.684 1.000 0.431 0.119 0.277 0.259 0.396 0.229 0.281 0.239 0.285 0.494 0.140 0.389 -0.036 0.225 0.482 0.331 0.500 0.016 0.177 0.582 0.276 0.303 0.350 0.535 0.348 0.440 0.493 0.582 0.139 0.553 0.277 0.340 0.286 0.205 0.054 0.313 0.038 0.348 0.254 0.016 0.408 0.225 0.269 -0.070 -0.040 0.107 0.340 -0.018 0.038 0.164 -0.091 0.140 0.422 0.340 0.346 0.311 0.567 0.123 0.195 0.067 0.336 -0.070 0.195 0.110 0.437 0.340 -0.002 0.195 0.195 0.110 -0.040 0.336 0.195 -0.040 -0.040 0.157 -0.040 0.291 0.378 0.067 -0.002 -0.018 0.038 -0.002 0.067 0.096 0.195 0.110 0.193
0.295 0.195 0.220 0.189 0.294 0.172 0.334 0.172 0.422 0.569 0.370 0.195 0.195 0.038 0.195 0.150 0.195 0.110 0.327 0.351 0.195 0.161 0.079 0.041 0.150 0.192 -0.091 0.037 0.472 0.646 0.179 0.496 -0.002 -0.124 -0.070 -0.070 0.642 0.543 0.452 0.410 0.671 0.431 1.000 0.409 0.277 0.031 0.122 0.016 0.139 0.107 0.345 0.323 0.140 0.183 -0.036 -0.031 0.311 0.254 0.312 -0.091 -0.054 0.358 0.157 0.135 0.184 0.494 0.430 0.235 0.281 0.327 -0.074 0.324 0.110 0.067 0.132 0.017 -0.031 0.154 -0.081 0.101 0.100 0.016 0.254 0.140 0.085 -0.070 -0.040 0.107 0.204 0.073 0.157 0.501 -0.091 0.054 0.281 0.204 0.164 0.128 0.396 0.016 -0.040 -0.070 0.123 -0.070 0.195 -0.057 0.255 0.067 -0.002 -0.040 -0.040 -0.057 -0.040 0.229 -0.040 -0.040 -0.040 0.038 -0.040 0.389 0.304 0.067 0.096 0.255 0.038 0.193 0.204 0.129 0.195 0.110 0.193
-0.043 -0.133 -0.016 -0.067 0.114 0.067 0.063 -0.045 0.243 0.357 0.157 -0.024 -0.024 -0.049 -0.024 -0.164 -0.024 -0.034 -0.092 -0.088 -0.024 -0.144 -0.103 -0.096 -0.114 -0.094 -0.055 -0.190 -0.022 0.437 -0.154 0.225 -0.060 -0.075 -0.042 -0.042 0.284 0.648 0.134 0.491 0.267 0.119 0.409 1.000 0.212 -0.106 -0.092 -0.055 -0.088 -0.096 0.005 0.019 -0.070 -0.062 -0.099 -0.070 0.308 -0.079 0.124 -0.055 -0.079 -0.038 -0.049 -0.038 -0.004 0.073 0.363 -0.062 -0.088 -0.048 -0.088 -0.012 -0.034 -0.042 -0.062 -0.103 -0.070 -0.131 -0.049 -0.147 -0.079 -0.055 0.148 -0.070 -0.103 -0.042 -0.024 -0.096 -0.042 0.337 0.127 0.706 -0.055 -0.070 -0.088 -0.042 -0.066 -0.107 -0.070 -0.055 -0.024 -0.042 -0.055 -0.042 -0.024 -0.034 -0.066 -0.042 -0.060 -0.024 -0.024 -0.034 -0.024 -0.055 -0.024 -0.024 -0.024 -0.049 -0.024 0.229 -0.084 0.362 0.084 0.248 0.302 0.281 0.160 0.517 0.323 0.212 -0.060
0.057 -0.090 0.007 0.110 0.038 0.017 0.141 -0.007 0.186 0.171 0.057 -0.011 -0.011 -0.022 -0.011 -0.075 -0.011 -0.016 -0.042 -0.040 -0.011 -0.066 -0.047 -0.044 -0.083 0.100 -0.025 -0.087 -0.051 0.293 -0.071 0.086 -0.028 -0.034 -0.019 -0.019 0.148 0.488 0.186 0.264 0.302 0.277 0.277 0.212 1.000 0.059 -0.042 -0.025 -0.040 -0.044 0.047 0.150 -0.032 -0.063 -0.046 -0.032 0.488 -0.036 0.042 -0.025 -0.036 0.115 -0.022 -0.055 -0.046 0.322 0.083 0.093 -0.040 0.105 -0.040 0.076 -0.016 -0.019 -0.063 -0.047 -0.032 -0.060 -0.022 -0.068 -0.036 -0.025 0.198 -0.032 -0.078 -0.019 -0.011 -0.044 -0.019 -0.030 -0.022 0.247 -0.025 -0.032 -0.040 -0.019 -0.030 -0.049 -0.032 -0.025 -0.011 -0.019 -0.025 -0.019 -0.011 -0.016 -0.030 -0.019 -0.028 -0.011 -0.011 -0.016 -0.011 -0.025 -0.011 -0.011 -0.011 -0.022 -0.011 0.270 -0.038 -0.019 -0.028 -0.030 -0.022 -0.028 -0.019 -0.028 -0.011 -0.016 -0.028
0.293 0.257 0.286 0.414 0.270 0.232 0.257 0.183 0.236 0.003 0.192 0.139 0.139 0.133 0.139 0.388 0.139 0.059 0.357 0.269 0.139 0.275 0.367 0.385 0.254 0.185 0.139 0.318 0.239 0.107 0.405 0.248 0.104 0.028 0.243 0.062 0.099 -0.092 0.236 0.054 0.172 0.259 0.031 -0.106 0.059 1.000 0.455 0.288 0.429 0.308 0.281 0.229 0.232 0.395 0.198 0.309 0.192 0.329 0.267 0.188 0.440 0.259 0.183 0.231 0.358 0.310 0.110 0.365 0.387 0.315 0.367 0.486 0.198 0.243 0.194 0.229 0.121 0.269 0.248 0.301 0.393 -0.039 0.137 0.263 0.165 0.016 -0.056 0.275 0.243 -0.152 -0.113 -0.076 0.228 0.405 0.269 0.130 0.302 0.412 0.263 0.228 0.139 0.130 0.317 0.130 0.139 0.142 0.226 0.243 -0.059 0.139 0.139 0.198 -0.056 0.317 0.139 0.000 0.000 0.084 0.000 0.023 0.297 -0.098 -0.140 -0.152 -0.113 -0.140 -0.098 -0.140 -0.056 -0.080 0.185
0.387 0.340 0.343 0.285 0.342 0.264 0.258 0.201 0.267 0.241 0.349 0.264 0.264 0.386 0.264 0.424 0.264 0.166 0.487 0.425 0.264 0.511 0.499 0.463 0.284 0.259 0.066 0.372 0.385 0.141 0.414 0.386 0.048 0.009 0.119 0.290 0.317 -0.086 0.174 0.132 0.297 0.396 0.122 -0.092 -0.042 0.455 1.000 0.600 0.425 0.463 0.482 0.296 0.341 0.474 0.200 0.395 0.234 0.481 0.302 0.333 0.331 0.341 0.237 0.341 0.441 0.326 0.252 0.410 0.602 0.517 0.425 0.392 0.375 0.461 0.410 0.265 0.127 0.303 0.237 0.498 0.288 0.066 0.192 0.341 0.366 -0.052 -0.030 0.214 0.290 -0.080 -0.060 -0.080 0.066 0.448 0.425 -0.052 0.375 0.479 0.448 0.200 0.264 0.119 0.466 0.119 0.264 0.375 0.261 0.461 0.048 0.264 0.264 0.166 -0.030 0.333 0.264 0.264 0.264 0.237 0.264 0.048 0.359 -0.052 -0.074 -0.080 -0.060 -0.074 -0.052 -0.074 -0.030 -0.042 0.171
0.311 0.253 0.212 0.159 0.270 0.229 0.226 0.172 0.226 0.190 0.223 -0.018 -0.018 0.427 -0.018 0.336 -0.018 -0.025 0.333 0.212 -0.018 0.381 0.534 0.446 0.218 0.145 0.168 0.289 0.267 0.136 0.263 0.284 0.146 0.103 0.235 0.502 0.239 -0.052 0.082 0.188 0.257 0.229 0.016 -0.055 -0.025 0.288 0.600 1.000 0.489 0.317 0.289 0.240 0.281 0.300 0.303 0.448 0.281 0.543 0.194 0.376 0.392 0.347 0.196 0.347 0.428 0.278 0.277 0.300 0.489 0.431 0.350 0.263 0.300 0.502 0.300 0.290 0.281 0.317 0.427 0.373 0.392 0.168 0.242 0.281 0.323 -0.031 -0.018 0.188 0.502 -0.048 -0.036 -0.048 0.168 0.448 0.350 -0.031 0.484 0.397 0.281 0.376 0.440 0.235 0.584 0.235 -0.018 0.625 0.129 0.768 0.146 0.440 0.440 0.300 -0.018 0.376 0.440 0.440 0.440 -0.036 0.440 -0.044 0.370 -0.031 -0.044 -0.048 -0.036 -0.044 -0.031 -0.044 -0.018 -0.025 0.146
