0.000 227.242 440.851 543.829 260.000 390.000 400.687 503.488 502.555 248.931 53.072 618.164 618.164 569.961 618.164 218.823 618.164 610.523 481.566 498.804 618.164 318.434 458.597 475.681 110.479 588.600 568.311 218.823 433.333 400.687 275.772 300.222 557.469 529.837 590.988 587.802 173.333 569.136 509.051 468.722 409.953 377.771 393.595 562.499 645.106 143.720 478.632 552.394 493.125 474.693 183.848 356.020 529.837 337.054 480.590 530.723 519.096 513.641 231.337 568.311 514.555 398.337 572.426 392.400 465.707 428.978 292.299 338.444 490.261 374.025 495.973 252.675 587.802 566.657 335.659 459.619 539.495 376.527 569.137 300.222 523.598 564.166 499.744 525.389 153.206 608.405 634.652 474.693 581.377 587.602 608.019 576.512 597.505 542.100 491.217 607.440 540.365 451.374 531.606 563.333 600.444 582.990 564.166 613.017 618.164 594.946 548.984 571.606 561.664 600.444 600.444 591.781 634.652 564.166 600.444 648.734 648.734 582.990 648.734 564.997 509.973 615.691 593.959 586.802 608.791 594.749 614.928 593.168 629.266 622.516 559.990
227.242 0.000 380.248 495.973 133.562 319.905 332.850 451.374 549.838 101.626 229.298 657.182 657.182 612.059 657.182 312.481 657.182 650.000 530.723 546.412 657.182 388.794 509.973 525.389 212.289 544.692 610.523 173.333 487.380 458.597 354.699 374.025 600.444 574.881 631.686 628.706 282.499 611.292 555.783 519.096 466.714 438.717 452.413 605.117 706.247 265.361 528.062 595.735 541.233 524.494 133.562 277.469 574.881 404.186 529.837 575.697 564.997 559.990 43.333 610.523 560.828 456.545 614.356 451.374 516.376 483.511 367.696 405.346 538.625 435.495 543.829 337.054 628.707 608.984 403.023 510.892 583.795 437.645 611.292 374.025 569.137 606.666 547.271 570.784 270.617 647.286 692.656 524.494 622.704 627.772 646.923 618.164 637.051 586.202 539.495 647.104 584.598 503.488 576.512 605.892 640.542 624.210 606.666 651.623 657.182 635.391 592.574 613.591 604.341 640.542 640.542 632.429 692.656 606.666 640.542 709.562 709.562 624.210 709.562 607.440 556.627 654.139 633.726 627.024 647.648 634.467 653.421 632.985 666.932 660.566 602.785
440.851 380.248 0.000 318.434 356.020 205.548 183.848 243.208 668.514 371.506 444.035 777.589 777.589 720.559 777.589 492.172 777.589 767.868 652.882 665.699 777.589 543.829 636.130 648.554 435.495 390.000 719.255 417.892 618.165 595.735 520.000 533.370 710.719 689.259 737.303 734.752 473.703 743.012 673.412 643.467 602.006 580.570 590.988 741.747 860.279 463.687 650.722 706.745 661.455 647.830 400.687 260.000 689.259 554.937 652.163 689.939 681.037 676.888 382.710 719.255 677.581 594.157 722.511 590.193 641.275 615.120 528.951 555.783 659.322 578.139 663.580 508.128 734.752 717.948 554.091 636.867 696.710 579.760 719.907 533.370 684.474 715.984 666.404 685.845 466.714 784.351 849.156 647.830 729.623 793.574 805.318 748.676 790.314 698.729 660.034 783.603 697.384 630.943 690.620 715.328 744.905 730.909 715.984 809.098 777.589 740.480 704.083 721.861 714.014 744.905 744.905 737.940 849.156 715.984 744.905 863.003 863.003 730.909 863.003 716.639 674.108 814.592 794.756 789.422 809.388 798.880 810.547 790.611 824.900 819.762 712.698
543.829 495.973 318.434 0.000 477.651 379.012 367.696 205.548 740.480 489.302 546.413 879.571 879.571 787.785 879.571 586.202 879.571 870.989 726.399 737.940 879.571 630.198 711.380 722.511 539.496 225.167 786.592 525.389 695.362 675.500 609.754 621.195 778.795 759.261 803.129 800.788 570.784 849.156 744.905 717.948 681.037 662.164 671.317 848.050 953.457 562.499 724.458 775.170 734.113 721.861 511.811 411.096 759.261 639.809 725.752 759.879 751.805 748.049 497.862 786.592 748.676 674.108 789.571 670.617 715.984 692.656 617.405 640.542 732.192 660.034 736.029 599.662 800.788 785.398 639.075 712.039 766.032 661.455 787.189 621.195 754.921 783.603 738.576 756.163 564.997 885.555 943.433 721.861 796.084 893.734 904.178 854.117 890.840 767.868 732.833 884.892 766.645 706.745 760.497 783.003 810.113 797.263 783.603 907.546 879.571 806.046 772.744 788.976 781.803 810.113 810.113 803.713 943.433 783.603 810.113 955.915 955.915 797.262 955.915 784.201 745.535 912.447 894.784 890.049 907.805 898.449 908.839 891.103 921.661 917.066 780.601
260.000 133.562 356.020 477.651 0.000 290.689 304.877 431.161 565.828 106.145 265.361 670.617 670.617 626.463 670.617 339.828 670.617 663.580 547.271 562.499 670.617 411.096 527.173 542.100 250.810 528.063 624.962 218.823 505.349 477.651 379.012 397.157 615.119 590.193 645.652 642.737 312.481 625.713 571.606 536.004 485.449 458.597 471.717 619.681 727.206 297.078 544.691 610.523 557.469 541.233 183.848 243.208 590.193 425.682 546.412 590.988 580.570 575.697 140.416 624.962 576.512 475.681 628.707 470.720 533.370 501.620 391.202 426.784 554.937 455.516 559.990 362.553 642.737 623.458 424.578 528.062 598.878 457.572 625.713 397.157 584.598 621.195 563.333 586.202 301.782 661.632 714.014 541.233 636.867 646.923 661.277 632.429 651.623 601.225 555.783 660.744 599.662 520.902 591.781 620.439 654.319 638.340 621.195 665.875 670.617 649.277 607.440 627.959 618.924 654.319 654.319 646.379 714.014 621.195 654.319 730.427 730.427 638.340 730.427 621.950 572.426 672.539 648.373 641.823 666.228 653.421 667.635 647.648 684.988 678.792 617.405
390.000 319.905 205.548 379.012 290.689 0.000 91.924 318.434 636.130 309.462 393.595 730.909 730.909 690.620 730.909 447.195 730.909 724.457 619.682 633.171 730.909 503.488 602.006 615.120 383.934 440.851 689.259 363.845 582.990 559.151 477.651 492.172 680.347 657.896 708.072 705.415 426.784 694.010 641.275 609.754 565.828 542.965 554.091 692.656 818.329 415.639 617.405 676.194 628.707 614.356 343.948 159.217 657.896 515.466 618.924 658.609 649.277 644.924 322.826 689.259 645.652 557.469 692.656 553.243 607.440 579.760 487.380 516.376 626.463 540.365 630.943 464.698 705.415 687.895 514.555 602.785 665.699 542.100 689.939 492.172 652.882 685.845 633.912 654.319 419.013 738.099 806.629 614.356 700.071 747.892 760.342 700.071 744.432 667.811 627.211 737.303 666.404 596.522 659.322 685.160 715.984 701.411 685.845 764.345 730.909 711.379 673.411 691.978 683.788 715.984 715.984 708.735 806.629 685.845 715.984 821.192 821.192 701.411 821.192 686.529 642.006 770.158 749.146 743.485 764.652 753.520 765.879 744.747 781.052 775.624 682.414
400.687 332.850 183.848 367.696 304.877 91.924 0.000 304.877 642.737 322.826 404.186 740.480 740.480 696.710 740.480 456.545 740.480 730.266 626.463 639.809 740.480 511.810 608.984 621.950 394.785 431.161 695.361 375.278 590.193 566.657 486.415 500.683 686.529 664.287 714.014 711.379 436.571 704.083 647.830 616.644 573.246 550.691 561.664 702.748 826.889 425.682 624.211 682.414 635.391 621.195 356.020 183.848 664.287 523.599 625.713 664.994 655.752 651.443 335.659 695.361 652.163 564.997 698.729 560.828 614.356 587.003 495.973 524.494 633.171 548.128 637.604 473.703 711.380 694.010 522.701 609.754 672.016 549.838 696.036 500.683 659.322 691.978 640.542 660.744 428.978 747.578 815.312 621.195 706.081 757.249 769.548 710.058 753.832 674.108 633.912 746.793 672.714 603.563 665.699 691.299 721.861 707.409 691.978 773.503 740.480 717.294 679.657 698.057 689.939 721.861 721.861 714.671 815.312 691.978 721.861 829.723 829.723 707.409 829.723 692.656 648.554 779.247 758.488 752.897 773.806 762.808 775.019 754.143 790.017 784.650 688.577
503.488 451.374 243.208 205.548 431.161 318.434 304.877 0.000 711.380 444.035 506.277 838.587 838.587 760.497 838.587 548.984 838.587 829.581 696.710 708.735 838.587 595.735 681.037 692.656 498.804 304.877 759.261 483.511 664.287 643.467 574.064 586.202 751.180 730.909 776.380 773.958 532.489 806.629 715.984 687.895 649.277 629.453 639.075 805.464 915.785 523.599 694.686 747.421 704.750 691.978 468.722 356.020 730.909 605.892 696.036 731.551 723.160 719.255 453.450 759.261 719.907 642.006 762.346 638.340 685.845 661.455 582.185 606.667 702.748 627.212 706.745 563.333 773.958 758.024 605.117 681.726 737.940 628.707 759.879 586.202 726.399 756.163 709.397 727.690 526.281 844.861 905.345 691.978 769.090 853.430 864.361 811.850 850.399 739.846 703.416 844.166 738.576 676.194 732.192 755.542 783.603 770.310 756.163 867.885 838.587 779.398 744.905 761.730 754.299 783.603 783.603 776.985 905.345 756.163 783.603 918.345 918.345 770.310 918.345 756.784 716.639 873.008 854.530 849.571 868.155 858.366 869.236 850.675 882.634 877.834 753.053
502.555 549.838 668.514 740.480 565.828 636.130 642.737 711.380 0.000 555.783 499.744 359.954 359.954 268.876 359.954 452.413 359.954 346.667 143.720 114.649 359.954 388.794 205.548 162.138 507.204 773.958 265.361 521.802 254.526 303.333 420.132 403.023 241.270 167.829 310.975 304.877 471.717 267.125 81.069 181.276 290.689 331.436 312.481 252.675 376.838 481.566 153.206 229.298 96.896 165.008 535.127 615.882 167.829 372.767 214.489 170.604 183.848 106.145 548.128 265.361 110.479 306.413 274.064 313.980 188.886 261.799 408.806 371.506 110.479 335.659 101.626 434.415 304.877 261.799 374.025 207.819 196.200 332.850 267.125 403.023 146.950 256.363 140.416 165.008 478.632 341.551 382.710 165.008 292.299 299.831 338.097 282.499 321.734 203.251 106.145 341.207 198.578 229.298 173.333 254.526 328.591 295.494 256.363 349.700 359.954 318.434 220.958 272.346 250.810 328.591 328.591 312.481 382.710 256.363 328.591 387.888 387.888 295.494 387.888 258.188 86.667 351.708 312.105 298.261 339.483 313.606 350.371 310.598 374.965 363.523 247.038
248.931 101.626 371.506 489.302 106.145 309.462 322.826 444.035 555.783 0.000 243.208 662.164 662.164 617.405 662.164 322.826 662.164 655.036 536.879 552.394 662.164 397.157 516.376 531.606 227.242 538.625 615.882 191.355 494.076 465.707 363.845 382.710 605.892 580.569 636.867 633.912 293.901 616.644 561.664 525.389 473.703 446.144 459.619 610.523 713.521 277.469 534.249 601.225 547.271 530.723 167.829 265.361 580.570 412.236 536.003 581.378 570.784 565.828 91.924 615.882 566.657 463.687 619.682 458.597 522.701 490.261 376.527 413.374 544.691 442.976 549.838 346.667 633.912 614.356 411.096 517.284 589.397 445.091 616.644 382.710 574.881 612.059 553.243 576.512 282.499 652.343 700.071 530.723 627.959 631.500 650.541 623.458 642.189 591.781 545.553 652.163 590.193 509.973 582.184 611.292 645.652 629.453 612.059 656.646 662.164 640.542 598.094 618.924 609.754 645.652 645.652 637.604 700.071 612.059 645.652 716.803 716.803 629.453 716.803 612.826 562.499 657.718 637.419 630.756 651.262 638.156 657.004 636.683 670.442 664.110 608.212
53.072 229.298 444.035 546.413 265.361 393.595 404.186 506.277 499.744 243.208 0.000 615.882 615.882 567.484 615.882 212.289 615.882 608.212 478.632 495.973 615.882 313.980 455.516 472.711 96.896 590.988 565.828 212.289 430.071 397.157 270.617 295.494 554.937 527.173 588.600 585.401 165.008 566.656 506.277 465.707 406.503 374.025 390.000 559.990 640.725 133.562 475.681 549.838 490.261 471.717 191.355 359.954 527.173 332.850 477.651 528.062 516.376 510.892 225.167 565.828 511.810 394.785 569.961 388.794 462.673 425.682 287.441 334.257 487.380 370.240 493.125 247.038 585.401 564.166 331.436 456.545 536.879 372.767 566.657 295.494 520.902 561.664 496.918 522.701 143.720 605.311 630.198 471.717 578.950 582.789 603.369 574.064 594.354 539.495 488.342 605.117 537.752 448.244 528.951 560.828 598.094 580.569 561.664 609.946 615.882 592.574 546.412 569.137 559.151 598.094 598.094 589.397 630.198 561.664 598.094 644.378 644.378 580.569 644.378 562.499 507.203 611.099 589.197 581.982 604.146 589.994 610.331 588.400 624.774 617.974 557.469
618.164 657.182 777.589 879.571 670.617 730.909 740.480 838.587 359.954 662.164 615.882 0.000 0.000 239.316 0.000 578.138 0.000 96.896 387.585 365.133 0.000 529.837 414.508 394.786 621.950 926.361 243.208 633.912 440.852 470.720 553.243 540.365 267.125 318.434 181.276 191.355 593.366 245.130 350.706 403.023 462.673 489.302 476.667 263.586 171.290 601.225 391.202 277.469 372.767 395.973 644.924 713.356 318.434 518.191 388.794 316.956 335.659 343.948 655.752 243.208 342.580 472.711 233.357 477.650 406.503 445.091 544.691 517.284 376.527 492.172 368.970 564.166 191.355 247.038 519.096 413.374 301.782 490.261 241.270 540.365 328.591 252.675 363.845 325.721 598.878 144.535 130.000 395.973 210.066 248.459 188.263 227.242 203.828 297.078 375.278 143.720 300.222 422.361 315.471 254.526 146.951 205.548 252.675 162.861 0.000 167.829 284.156 235.360 258.188 146.951 146.951 178.668 130.000 252.675 146.951 144.535 144.535 205.548 144.535 250.810 349.365 167.129 228.786 246.562 190.741 230.829 164.296 226.725 105.033 139.578 261.799
618.164 657.182 777.589 879.571 670.617 730.909 740.480 838.587 359.954 662.164 615.882 0.000 0.000 239.316 0.000 578.138 0.000 96.896 387.585 365.133 0.000 529.837 414.508 394.786 621.950 926.361 243.208 633.912 440.852 470.720 553.243 540.365 267.125 318.434 181.276 191.355 593.366 245.130 350.706 403.023 462.673 489.302 476.667 263.586 171.290 601.225 391.202 277.469 372.767 395.973 644.924 713.356 318.434 518.191 388.794 316.956 335.659 343.948 655.752 243.208 342.580 472.711 233.357 477.650 406.503 445.091 544.691 517.284 376.527 492.172 368.970 564.166 191.355 247.038 519.096 413.374 301.782 490.261 241.270 540.365 328.591 252.675 363.845 325.721 598.878 144.535 130.000 395.973 210.066 248.459 188.263 227.242 203.828 297.078 375.278 143.720 300.222 422.361 315.471 254.526 146.951 205.548 252.675 162.861 0.000 167.829 284.156 235.360 258.188 146.951 146.951 178.668 130.000 252.675 146.951 144.535 144.535 205.548 144.535 250.810 349.365 167.129 228.786 246.562 190.741 230.829 164.296 226.725 105.033 139.578 261.799
569.961 612.059 720.559 787.785 626.463 690.620 696.710 760.497 268.876 617.405 567.484 239.316 239.316 0.000 239.316 526.281 239.316 218.823 304.877 275.772 239.316 472.711 338.444 313.980 574.064 819.332 122.565 587.003 370.240 405.346 498.804 484.481 140.416 210.066 156.241 143.720 542.965 258.188 256.363 324.277 395.973 426.784 412.236 275.772 264.031 551.543 309.462 140.416 285.803 315.471 598.878 672.016 210.066 459.619 306.413 207.819 235.360 247.038 610.523 122.565 245.130 407.656 53.072 413.374 328.591 375.278 489.302 458.597 290.689 430.071 280.832 510.892 143.720 143.720 460.640 337.054 183.848 427.882 30.641 484.481 225.167 101.626 274.064 220.958 548.984 210.624 272.346 315.471 114.649 261.351 204.976 241.270 219.358 191.355 289.069 210.066 181.276 348.018 205.548 96.896 188.886 122.565 101.626 223.598 239.316 170.604 165.008 122.565 156.241 188.886 188.886 159.217 272.346 101.626 188.886 279.576 279.576 122.565 279.576 167.829 254.526 226.725 242.725 259.548 207.254 244.651 224.645 240.783 261.351 244.651 150.111
618.164 657.182 777.589 879.571 670.617 730.909 740.480 838.587 359.954 662.164 615.882 0.000 0.000 239.316 0.000 578.138 0.000 96.896 387.585 365.133 0.000 529.837 414.508 394.786 621.950 926.361 243.208 633.912 440.852 470.720 553.243 540.365 267.125 318.434 181.276 191.355 593.366 245.130 350.706 403.023 462.673 489.302 476.667 263.586 171.290 601.225 391.202 277.469 372.767 395.973 644.924 713.356 318.434 518.191 388.794 316.956 335.659 343.948 655.752 243.208 342.580 472.711 233.357 477.650 406.503 445.091 544.691 517.284 376.527 492.172 368.970 564.166 191.355 247.038 519.096 413.374 301.782 490.261 241.270 540.365 328.591 252.675 363.845 325.721 598.878 144.535 130.000 395.973 210.066 248.459 188.263 227.242 203.828 297.078 375.278 143.720 300.222 422.361 315.471 254.526 146.951 205.548 252.675 162.861 0.000 167.829 284.156 235.360 258.188 146.951 146.951 178.668 130.000 252.675 146.951 144.535 144.535 205.548 144.535 250.810 349.365 167.129 228.786 246.562 190.741 230.829 164.296 226.725 105.033 139.578 261.799
218.823 312.481 492.172 586.202 339.828 447.195 456.545 548.984 452.413 322.826 212.289 578.138 578.138 526.281 578.138 0.000 578.138 569.961 428.978 448.243 578.138 231.337 403.023 422.361 229.298 627.960 524.494 260.000 374.025 352.042 167.829 243.208 512.727 482.540 548.984 545.552 133.562 525.388 459.619 414.508 365.133 328.591 327.160 518.191 588.799 165.008 425.682 507.204 441.915 421.248 285.803 417.892 482.540 263.586 427.882 483.511 470.720 464.698 309.462 524.494 465.707 332.850 528.951 337.054 411.096 388.794 216.667 261.799 438.717 306.413 445.091 186.384 545.553 522.701 265.361 404.186 493.125 306.413 525.389 205.548 475.681 520.000 451.374 477.651 156.241 566.864 592.574 421.248 538.625 542.748 564.789 533.369 555.148 495.973 439.785 566.656 494.076 394.785 484.481 519.096 559.151 540.365 520.000 571.811 578.138 553.243 503.488 528.062 517.284 559.151 559.151 549.838 592.574 520.000 559.151 595.931 595.931 540.365 595.931 520.902 460.640 573.041 549.624 541.883 565.620 550.478 572.221 548.770 587.602 580.367 515.466
618.164 657.182 777.589 879.571 670.617 730.909 740.480 838.587 359.954 662.164 615.882 0.000 0.000 239.316 0.000 578.138 0.000 96.896 387.585 365.133 0.000 529.837 414.508 394.786 621.950 926.361 243.208 633.912 440.852 470.720 553.243 540.365 267.125 318.434 181.276 191.355 593.366 245.130 350.706 403.023 462.673 489.302 476.667 263.586 171.290 601.225 391.202 277.469 372.767 395.973 644.924 713.356 318.434 518.191 388.794 316.956 335.659 343.948 655.752 243.208 342.580 472.711 233.357 477.650 406.503 445.091 544.691 517.284 376.527 492.172 368.970 564.166 191.355 247.038 519.096 413.374 301.782 490.261 241.270 540.365 328.591 252.675 363.845 325.721 598.878 144.535 130.000 395.973 210.066 248.459 188.263 227.242 203.828 297.078 375.278 143.720 300.222 422.361 315.471 254.526 146.951 205.548 252.675 162.861 0.000 167.829 284.156 235.360 258.188 146.951 146.951 178.668 130.000 252.675 146.951 144.535 144.535 205.548 144.535 250.810 349.365 167.129 228.786 246.562 190.741 230.829 164.296 226.725 105.033 139.578 261.799
610.523 650.000 767.868 870.989 663.580 724.457 730.266 829.581 346.667 655.036 608.212 96.896 96.896 218.823 96.896 569.961 96.896 0.000 375.278 352.042 96.896 520.902 403.023 382.710 614.356 918.217 223.072 626.462 430.071 460.640 544.691 531.606 248.931 303.333 153.206 165.008 585.401 229.298 337.054 391.202 452.413 479.612 466.714 248.931 147.747 593.366 379.012 260.000 359.954 383.934 637.604 706.745 303.333 509.051 376.527 301.782 321.369 330.017 648.554 223.072 328.591 462.673 212.289 467.719 394.786 434.415 536.003 508.128 363.845 482.539 356.020 555.782 165.008 227.242 509.972 401.857 285.803 480.590 220.958 531.606 313.980 233.357 350.706 310.975 590.988 115.668 162.139 383.934 186.384 232.854 167.129 210.066 184.485 280.832 362.553 114.649 284.156 411.096 300.222 235.360 170.604 181.276 233.357 137.886 96.896 137.032 267.125 214.489 239.316 170.604 170.604 150.111 162.139 233.357 170.604 174.009 174.009 181.276 174.009 231.337 335.659 142.901 211.736 230.829 169.914 213.941 139.578 209.507 142.901 109.411 243.208
481.566 530.723 652.882 726.399 547.271 619.682 626.463 696.710 143.720 536.879 478.632 387.585 387.585 304.877 387.585 428.978 387.585 375.278 0.000 130.000 387.585 361.256 170.604 106.145 486.415 760.497 301.782 501.620 210.066 267.125 394.785 376.527 280.832 220.958 342.580 337.054 449.290 303.333 165.008 110.479 252.675 298.654 277.469 290.689 403.315 459.619 53.072 270.617 106.145 101.626 515.466 598.878 220.958 343.948 181.276 223.072 216.667 178.668 528.951 301.782 181.276 270.617 309.462 279.155 137.032 218.823 382.710 342.580 91.924 303.333 118.673 409.953 337.054 298.654 345.310 173.333 243.208 309.462 303.333 376.527 205.548 293.901 181.276 210.066 456.545 370.557 408.806 101.626 325.721 332.497 367.376 316.956 352.375 248.931 96.896 370.240 245.130 198.578 225.167 292.299 358.647 328.591 293.901 378.082 387.585 349.365 263.586 307.941 289.069 358.647 358.647 343.948 408.806 293.901 358.647 413.658 413.658 328.591 413.658 295.494 167.829 379.940 343.606 331.082 368.652 344.970 378.702 342.237 401.565 390.902 285.803
498.804 546.412 665.699 737.940 562.499 633.171 639.809 708.735 114.649 552.394 495.973 365.133 365.133 275.772 365.133 448.243 365.133 352.042 130.000 0.000 365.133 383.934 196.200 150.111 503.488 771.528 272.346 518.191 247.038 297.078 415.639 398.337 248.931 178.668 316.956 310.975 467.719 274.064 101.626 170.604 284.156 325.721 306.413 260.000 381.789 477.651 140.416 248.931 75.056 153.206 531.606 612.826 188.886 367.696 181.276 186.384 216.667 137.032 544.691 272.346 133.562 300.222 280.832 307.941 178.668 254.526 404.186 366.417 91.924 330.017 53.072 430.071 310.975 282.499 368.970 193.793 205.548 327.160 274.064 398.337 159.217 263.586 181.276 200.928 474.693 347.005 387.585 153.206 298.654 306.030 343.606 289.069 327.518 212.289 86.667 346.667 207.819 212.289 183.848 261.799 334.257 301.782 263.586 355.029 365.133 324.277 229.298 279.155 258.188 334.257 334.257 318.434 387.585 263.586 334.257 392.699 392.699 301.782 392.699 265.361 106.145 357.007 318.065 304.492 344.970 319.538 355.690 316.586 379.940 368.652 254.526
618.164 657.182 777.589 879.571 670.617 730.909 740.480 838.587 359.954 662.164 615.882 0.000 0.000 239.316 0.000 578.138 0.000 96.896 387.585 365.133 0.000 529.837 414.508 394.786 621.950 926.361 243.208 633.912 440.852 470.720 553.243 540.365 267.125 318.434 181.276 191.355 593.366 245.130 350.706 403.023 462.673 489.302 476.667 263.586 171.290 601.225 391.202 277.469 372.767 395.973 644.924 713.356 318.434 518.191 388.794 316.956 335.659 343.948 655.752 243.208 342.580 472.711 233.357 477.650 406.503 445.091 544.691 517.284 376.527 492.172 368.970 564.166 191.355 247.038 519.096 413.374 301.782 490.261 241.270 540.365 328.591 252.675 363.845 325.721 598.878 144.535 130.000 395.973 210.066 248.459 188.263 227.242 203.828 297.078 375.278 143.720 300.222 422.361 315.471 254.526 146.951 205.548 252.675 162.861 0.000 167.829 284.156 235.360 258.188 146.951 146.951 178.668 130.000 252.675 146.951 144.535 144.535 205.548 144.535 250.810 349.365 167.129 228.786 246.562 190.741 230.829 164.296 226.725 105.033 139.578 261.799
318.434 388.794 543.829 630.198 411.096 503.488 511.810 595.735 388.794 397.157 313.980 529.837 529.837 472.711 529.837 231.337 529.837 520.902 361.256 383.934 529.837 0.000 330.017 353.373 325.721 669.216 470.721 348.018 293.901 275.772 159.217 106.145 457.572 423.471 497.862 494.076 267.125 471.717 397.157 343.948 292.299 245.130 231.337 463.687 541.450 284.156 357.336 451.374 376.527 352.042 367.696 477.651 423.471 146.950 359.954 424.578 412.236 403.023 386.372 470.721 404.186 247.038 475.681 256.363 339.828 321.369 126.337 143.720 372.767 214.489 380.248 193.793 494.076 468.722 150.111 331.436 435.495 200.928 471.717 106.145 415.639 465.707 394.785 417.892 279.155 517.511 545.552 352.042 486.415 490.978 515.238 480.590 504.652 438.717 374.025 517.284 436.571 319.905 425.682 464.698 509.051 488.342 465.707 522.925 529.837 502.554 447.195 474.693 462.673 509.051 509.051 498.804 545.552 465.707 509.051 549.197 549.197 488.342 549.197 466.714 398.337 524.270 498.568 490.021 516.148 499.509 523.374 497.626 540.147 532.268 460.640
458.597 509.973 636.130 711.380 527.173 602.006 608.984 681.037 205.548 516.376 455.516 414.508 414.508 338.444 414.508 403.023 414.508 403.023 170.604 196.200 414.508 330.017 0.000 133.562 463.687 746.164 335.659 479.612 150.111 223.072 366.417 346.667 316.956 265.361 372.767 367.696 424.578 337.054 220.958 156.241 205.548 260.000 235.360 325.721 429.252 435.495 178.668 307.941 186.384 137.032 494.076 580.570 265.361 310.975 143.720 267.125 275.772 231.337 508.128 335.659 233.357 227.242 342.580 237.346 101.626 162.139 353.373 309.462 193.793 265.361 188.886 382.710 367.696 332.850 312.481 30.641 284.156 261.799 337.054 346.667 252.675 328.591 248.931 263.586 432.249 398.631 434.415 137.032 357.336 363.523 395.676 349.365 381.789 289.069 191.355 398.337 285.803 101.626 268.876 327.160 387.585 359.954 328.591 405.636 414.508 379.012 301.782 341.207 324.277 387.585 387.585 374.025 434.415 328.591 387.585 438.984 438.984 359.954 438.984 330.017 223.072 407.368 373.711 362.229 396.861 374.965 406.214 372.453 427.608 417.611 321.369
475.681 525.389 648.554 722.511 542.100 615.120 621.950 692.656 162.138 531.606 472.711 394.786 394.786 313.980 394.786 422.361 394.786 382.710 106.145 150.111 394.786 353.373 133.562 0.000 480.590 756.784 310.975 495.973 196.200 256.363 387.585 368.970 290.689 233.357 350.706 345.310 442.976 312.481 181.276 81.069 241.270 289.069 267.125 300.222 410.239 453.450 118.673 280.832 130.000 30.641 509.973 594.157 233.357 335.659 146.950 235.360 241.270 193.793 523.599 310.975 196.200 260.000 318.434 268.876 96.896 205.548 375.278 334.257 140.416 293.901 140.416 403.023 345.310 307.941 337.054 137.032 254.526 290.689 312.481 368.970 218.823 303.333 210.066 227.242 450.333 378.082 415.639 30.641 334.257 340.863 374.965 325.721 360.280 260.000 137.032 377.771 256.363 167.829 237.346 301.782 366.417 337.054 303.333 385.460 394.786 357.336 274.064 316.956 298.654 366.417 366.417 352.042 415.639 303.333 366.417 420.412 420.412 337.054 420.412 304.877 183.848 387.282 351.708 339.483 376.215 353.040 386.068 350.371 408.519 398.042 295.494
110.479 212.289 435.495 539.496 250.810 383.934 394.785 498.804 507.204 227.242 96.896 621.950 621.950 574.064 621.950 229.298 621.950 614.356 486.415 503.488 621.950 325.721 463.687 480.590 0.000 584.599 572.426 188.886 438.717 406.503 284.156 307.941 561.664 534.249 594.946 591.781 186.384 573.246 513.641 473.703 415.639 383.934 399.514 566.656 650.180 159.217 483.511 556.627 497.862 479.612 170.604 349.365 534.249 343.948 485.449 535.127 523.599 518.191 207.819 572.426 519.096 404.186 576.512 398.337 470.721 434.415 300.222 345.310 495.025 380.248 500.683 261.799 591.781 570.784 342.580 464.698 543.829 382.710 573.246 307.941 528.062 568.311 504.419 529.837 167.829 611.483 635.391 479.612 585.401 589.197 609.561 580.569 600.639 546.412 495.973 611.292 544.691 456.545 536.004 567.484 604.341 587.003 568.311 616.073 621.950 598.878 553.243 575.697 565.828 604.341 604.341 595.735 635.391 568.311 604.341 653.780 653.780 587.002 653.780 569.136 514.555 617.214 595.537 588.400 610.331 596.325 616.453 594.749 630.756 624.022 564.166
588.600 544.692 390.000 225.167 528.063 440.851 431.161 304.877 773.958 538.625 590.988 926.361 926.361 819.332 926.361 627.960 926.361 918.217 760.497 771.528 926.361 669.216 746.164 756.784 584.599 0.000 818.185 571.606 730.909 712.039 650.000 660.745 810.692 791.945 854.117 838.587 613.591 897.534 778.192 752.429 717.294 699.401 708.072 896.487 996.785 605.892 758.643 807.210 767.869 756.163 559.151 468.722 791.945 678.274 759.879 792.538 784.800 781.203 546.413 818.185 781.803 710.719 821.049 707.409 750.555 728.335 657.182 678.966 766.032 697.384 769.700 640.542 831.842 817.037 677.581 746.793 798.439 698.729 818.759 660.744 787.785 815.312 772.136 788.976 608.212 932.044 987.202 756.163 827.315 939.819 949.757 902.229 937.068 800.201 766.645 931.415 799.027 741.747 793.130 814.736 840.823 828.449 815.312 952.964 926.361 843.610 804.881 820.477 813.582 840.823 840.823 834.659 987.202 815.312 840.823 999.137 999.137 845.278 999.137 819.332 778.795 957.632 940.818 936.316 953.210 944.304 954.195 937.318 966.416 962.034 812.428
568.311 610.523 719.255 786.592 624.962 689.259 695.361 759.261 265.361 615.882 565.828 243.208 243.208 122.565 243.208 524.494 243.208 223.072 301.782 272.346 243.208 470.721 335.659 310.975 572.426 818.185 0.000 585.401 367.696 403.023 496.918 482.540 110.479 205.548 162.139 150.111 541.233 227.242 252.675 321.369 393.595 424.578 409.953 247.038 267.564 549.838 306.413 133.562 282.499 312.481 597.309 670.617 205.548 457.572 303.333 203.251 231.337 243.208 608.983 0.000 241.270 405.346 110.479 411.096 325.721 372.767 487.380 456.545 287.441 427.882 277.469 509.051 167.829 188.886 458.597 334.257 178.668 425.682 126.337 482.540 220.958 68.516 270.617 216.667 547.271 215.036 275.772 312.481 137.032 230.829 209.507 207.819 181.923 170.604 285.803 214.489 176.021 345.310 200.928 75.056 193.793 130.000 68.516 227.758 243.208 176.021 146.950 173.333 96.896 193.793 193.793 165.008 275.772 68.516 193.793 282.914 282.914 130.000 282.914 114.649 250.810 230.829 209.507 228.786 211.736 211.736 228.786 207.254 264.919 248.459 96.896
218.823 173.333 417.892 525.389 218.823 363.845 375.278 483.511 521.802 191.355 212.289 633.912 633.912 587.003 633.912 260.000 633.912 626.462 501.620 518.191 633.912 348.018 479.612 495.973 188.886 571.606 585.401 0.000 455.516 437.645 309.462 356.020 574.881 548.128 607.440 604.341 261.799 586.202 528.062 489.302 448.243 419.013 417.892 579.760 673.586 210.066 498.804 569.961 512.727 495.025 118.673 327.160 548.128 370.240 500.683 548.984 537.753 532.489 167.829 585.401 533.370 422.361 589.397 425.682 486.415 467.719 338.444 368.970 509.973 401.857 515.466 319.905 604.341 583.795 371.506 480.590 557.469 401.857 586.202 331.436 542.100 581.378 520.902 543.829 241.270 623.646 660.033 495.025 598.094 601.811 621.761 593.366 613.017 559.990 510.892 623.458 558.311 472.711 549.838 580.570 616.644 599.662 581.378 628.146 633.912 611.292 566.657 588.600 578.950 616.644 616.644 608.212 660.033 581.378 616.644 671.492 671.492 599.662 671.492 582.184 528.951 629.266 608.019 601.030 622.516 608.791 628.520 607.246 642.554 635.945 577.326
433.333 487.380 618.165 695.362 505.349 582.990 590.193 664.287 254.526 494.076 430.071 440.852 440.852 370.240 440.852 374.025 440.852 430.071 210.066 247.038 440.852 293.901 150.111 196.200 438.717 730.909 367.696 455.516 0.000 165.008 334.257 312.481 350.706 304.877 401.857 397.157 397.157 368.970 267.125 188.886 140.416 212.289 186.384 358.647 454.742 408.806 207.819 342.580 235.360 193.793 470.721 560.828 304.877 272.346 207.819 306.413 295.494 275.772 485.449 367.696 277.469 170.604 374.025 183.848 170.604 143.720 319.905 270.617 229.298 218.823 241.270 352.042 397.157 365.133 274.064 153.206 321.369 235.360 368.970 312.481 293.901 361.256 270.617 297.078 405.346 425.958 459.619 193.793 387.585 393.296 423.194 380.249 410.239 325.721 231.337 425.683 322.826 126.337 307.941 359.954 415.639 390.000 361.256 432.520 440.852 407.656 337.054 372.767 357.336 415.639 415.639 403.023 459.619 361.256 415.639 463.940 463.940 390.000 463.940 362.553 268.876 434.145 402.732 392.101 424.302 403.896 433.063 401.565 453.191 443.770 354.699
400.687 458.597 595.735 675.500 477.651 559.151 566.657 643.467 303.333 465.707 397.157 470.720 470.720 405.346 470.720 352.042 470.720 460.640 267.125 297.078 470.720 275.772 223.072 256.363 406.503 712.039 403.023 437.645 165.008 0.000 318.434 265.361 387.585 346.667 434.415 430.071 361.256 404.187 313.980 243.208 96.896 133.562 167.829 394.786 483.754 383.934 261.799 380.248 287.441 254.526 440.851 536.004 346.667 233.357 265.361 348.018 330.017 321.369 456.545 403.023 322.826 122.565 408.806 101.626 237.346 165.008 277.469 235.360 282.499 173.333 292.299 310.975 430.071 400.687 231.337 225.167 361.256 220.958 404.186 285.803 337.054 397.157 298.654 339.828 370.240 456.802 488.342 254.526 421.248 426.509 454.225 414.508 442.181 365.133 284.156 456.545 362.553 207.819 349.365 395.973 447.195 423.471 397.157 462.927 470.720 439.785 375.278 407.656 393.595 447.195 447.195 435.495 488.342 397.157 447.195 496.209 496.209 423.471 496.209 398.337 315.471 464.445 435.225 425.407 455.258 436.302 463.434 434.145 482.296 473.455 391.202
275.772 354.699 520.000 609.754 379.012 477.651 486.415 574.064 420.132 363.845 270.617 553.243 553.243 498.804 553.243 167.829 553.243 544.691 394.785 415.639 553.243 159.217 366.417 387.585 284.156 650.000 496.918 309.462 334.257 318.434 0.000 191.355 484.481 452.413 522.701 519.096 214.489 497.862 427.882 379.012 332.850 292.299 280.832 490.260 564.374 235.360 391.202 478.632 408.806 386.372 331.436 450.333 452.413 216.667 393.595 453.450 441.915 433.333 352.042 496.918 434.415 293.901 501.620 301.782 375.278 358.647 156.241 214.489 405.346 267.125 412.236 110.479 519.096 495.025 218.823 367.696 463.687 256.363 497.862 140.416 445.091 492.172 425.682 447.195 229.298 541.450 568.311 386.372 511.810 516.148 539.278 506.277 529.172 466.714 406.503 541.233 464.698 357.336 454.484 491.217 533.370 513.641 492.172 546.627 553.243 527.173 474.693 500.683 489.302 533.370 533.370 523.598 568.311 492.172 533.370 571.811 571.811 513.641 571.811 493.125 428.978 547.914 523.374 515.238 540.147 524.270 547.056 522.476 563.125 555.571 487.380
300.222 374.025 533.370 621.195 397.157 492.172 500.683 586.202 403.023 382.710 295.494 540.365 540.365 484.481 540.365 243.208 540.365 531.606 376.527 398.337 540.365 106.145 346.667 368.970 307.941 660.745 482.540 356.020 312.481 265.361 191.355 0.000 469.722 436.571 509.051 505.349 245.130 483.511 411.096 359.954 279.155 229.298 254.526 475.681 551.755 287.441 372.767 463.687 391.202 367.696 352.042 465.707 436.571 153.206 375.278 437.645 423.471 416.767 371.506 482.540 417.892 261.799 487.380 252.675 356.020 306.413 110.479 156.241 387.585 223.072 394.785 162.138 505.349 480.590 150.111 348.018 448.244 227.242 483.511 130.000 428.978 477.651 399.514 431.161 261.799 528.284 555.782 367.696 497.862 502.321 526.058 492.172 515.693 451.374 388.794 528.062 449.290 337.054 438.717 476.667 520.000 499.744 477.651 533.589 540.365 513.641 459.619 486.415 474.693 520.000 520.000 509.973 555.782 477.651 520.000 565.205 565.205 499.744 565.205 478.632 412.236 534.907 509.742 501.385 526.950 510.662 534.029 508.820 550.478 542.748 472.711
557.469 600.444 710.719 778.795 615.119 680.347 686.529 751.180 241.270 605.892 554.937 267.125 267.125 140.416 267.125 512.727 267.125 248.931 280.832 248.931 267.125 457.572 316.956 290.689 561.664 810.692 110.479 574.881 350.706 387.585 484.481 469.722 0.000 173.333 196.200 186.384 529.837 216.667 227.242 301.782 377.771 409.953 394.785 237.346 289.475 538.625 285.803 150.111 260.000 292.299 587.003 661.454 173.333 444.035 282.499 170.604 203.251 216.667 598.878 110.479 214.489 390.000 130.000 395.973 306.413 356.020 474.693 442.976 265.361 413.374 254.526 496.918 186.384 200.928 445.091 315.471 140.416 411.096 143.720 469.722 191.355 96.896 247.038 186.384 536.003 241.756 297.078 292.299 165.008 220.426 236.852 196.200 212.841 130.000 263.586 241.270 137.032 327.160 167.829 101.626 223.072 170.604 96.896 253.139 267.125 207.819 96.896 186.384 68.516 223.072 223.072 198.578 297.078 96.896 223.072 303.720 303.720 170.604 303.720 91.924 225.167 255.905 197.986 218.286 238.825 200.344 254.064 195.601 287.032 271.915 53.072
529.837 574.881 689.259 759.261 590.193 657.896 664.287 730.909 167.829 580.569 527.173 318.434 318.434 210.066 318.434 482.540 318.434 303.333 220.958 178.668 318.434 423.471 265.361 233.357 534.249 791.945 205.548 548.128 304.877 346.667 452.413 436.571 173.333 0.000 261.799 254.526 500.683 207.819 146.950 247.038 335.659 371.506 354.699 188.886 337.402 509.973 227.242 207.819 193.793 235.360 560.828 638.340 130.000 408.806 227.242 126.337 167.829 130.000 573.246 205.548 126.337 349.365 216.667 356.020 252.675 310.975 441.915 407.656 200.928 375.278 186.384 465.707 254.526 247.038 409.953 263.586 101.626 372.767 207.819 436.571 101.626 193.793 176.021 146.950 507.203 297.473 343.948 235.360 239.316 248.459 293.501 227.242 274.492 114.649 198.578 297.078 150.111 277.469 122.565 191.355 282.499 243.208 193.793 306.796 318.434 270.617 143.720 235.360 186.384 282.499 282.499 263.586 343.948 193.793 282.499 349.700 349.700 243.208 349.700 196.200 143.720 309.082 263.141 246.563 295.097 264.919 307.560 261.351 335.309 322.462 181.276
590.988 631.686 737.303 803.129 645.652 708.072 714.014 776.380 310.975 636.867 588.600 181.276 181.276 156.241 181.276 548.984 181.276 153.206 342.580 316.956 181.276 497.862 372.767 350.706 594.946 854.117 162.139 607.440 401.857 434.415 522.701 509.051 196.200 261.799 0.000 61.283 564.997 243.208 300.222 359.954 425.683 454.484 440.851 261.799 212.841 573.246 346.667 210.066 325.721 352.042 618.923 689.939 261.799 485.449 343.948 260.000 282.499 292.299 630.198 162.139 290.689 436.571 146.950 441.915 363.845 406.503 513.641 484.481 330.017 457.572 321.369 534.249 143.720 167.829 486.415 371.506 241.270 455.516 159.217 509.051 274.064 176.021 315.471 270.617 570.784 141.249 223.072 352.042 106.145 246.563 185.753 225.167 201.512 235.360 328.591 140.416 239.316 381.481 258.188 178.668 150.111 96.896 176.021 159.952 181.276 110.479 218.823 150.111 183.848 150.111 150.111 126.337 223.072 176.021 150.111 231.844 231.844 96.896 231.844 173.333 298.654 164.296 226.725 244.651 188.263 228.786 161.413 224.645 209.507 188.263 188.886
587.802 628.706 734.752 800.788 642.737 705.415 711.379 773.958 304.877 633.912 585.401 191.355 191.355 143.720 191.355 545.552 191.355 165.008 337.054 310.975 191.355 494.076 367.696 345.310 591.781 838.587 150.111 604.341 397.157 430.071 519.096 505.349 186.384 254.526 61.283 0.000 561.664 250.810 293.901 354.699 421.248 450.333 436.571 268.876 221.488 569.961 341.207 200.928 319.905 346.667 615.882 687.212 254.526 481.566 338.444 252.675 275.772 285.803 627.211 150.111 284.156 432.249 133.562 437.645 358.647 401.857 509.973 480.590 324.277 453.450 315.471 530.722 130.000 156.241 482.540 366.417 233.357 451.374 146.950 505.349 267.125 165.008 309.462 263.586 567.484 153.971 231.337 346.667 86.667 254.064 195.601 233.357 210.624 227.242 322.826 153.207 231.337 376.527 250.810 167.829 137.032 75.056 165.008 171.290 191.355 91.924 210.066 137.032 173.333 137.032 137.032 110.479 231.337 165.008 137.032 239.806 239.806 106.145 239.806 162.138 292.299 175.353 234.861 252.210 197.986 236.852 172.655 232.854 218.286 197.986 178.668
173.333 282.499 473.703 570.784 312.481 426.784 436.571 532.489 471.717 293.901 165.008 593.366 593.366 542.965 593.366 133.562 593.366 585.401 449.290 467.719 593.366 267.125 424.578 442.976 186.384 613.591 541.233 261.799 397.157 361.256 214.489 245.130 529.837 500.683 564.997 561.664 0.000 542.099 478.632 435.495 371.506 335.659 353.373 535.127 603.757 156.241 446.144 524.494 461.658 441.915 252.675 395.973 500.683 289.069 448.244 501.620 489.302 483.511 279.155 541.233 484.481 358.647 545.552 352.042 432.249 392.400 235.360 290.689 458.597 331.436 464.698 183.848 561.664 539.495 287.441 425.682 510.892 334.257 542.100 245.130 494.076 536.879 468.722 495.973 101.626 582.386 607.440 441.915 554.937 558.941 580.367 549.838 570.989 513.641 459.619 582.184 511.810 416.767 502.555 536.003 574.881 556.627 536.879 587.202 593.366 569.136 520.902 544.691 534.249 574.881 574.881 565.828 607.440 536.879 574.881 616.834 616.834 556.626 616.834 537.752 479.612 588.400 565.620 558.100 581.175 566.449 587.602 564.789 602.590 595.537 532.489
569.136 611.292 743.012 849.156 625.713 694.010 704.083 806.629 267.125 616.644 566.656 245.130 245.130 258.188 245.130 525.388 245.130 229.298 303.333 274.064 245.130 471.717 337.054 312.481 573.246 897.534 227.242 586.202 368.970 404.187 497.862 483.511 216.667 207.819 243.208 250.810 542.099 0.000 254.526 322.826 394.786 425.683 411.096 96.896 265.803 550.691 307.941 263.586 284.156 313.980 598.094 671.317 207.819 458.597 304.877 205.548 233.357 245.130 609.754 227.242 243.208 406.503 252.675 412.237 327.160 374.025 488.342 457.572 289.069 428.978 279.156 509.972 282.499 295.494 459.619 335.659 181.276 426.784 260.000 483.511 223.072 237.346 272.346 218.823 548.128 212.841 274.064 313.980 265.361 136.173 207.254 91.924 179.324 173.333 287.441 212.289 220.958 346.667 203.251 239.316 285.803 261.799 237.346 225.687 245.130 267.125 198.578 285.803 205.548 285.803 285.803 274.064 274.064 237.346 285.803 281.250 281.250 227.242 281.250 196.200 252.675 228.786 161.413 132.681 209.507 164.296 226.725 158.478 263.141 246.562 210.066
