1.000 0.612 0.667 -0.167 0.167 0.000 0.612
0.612 1.000 0.167 0.167 -0.167 0.000 0.408
0.667 0.167 1.000 0.167 0.667 0.000 0.408
-0.167 0.167 0.167 1.000 0.612 0.000 0.408
0.167 -0.167 0.667 0.612 1.000 0.000 0.612
0.000 0.000 0.000 0.000 0.000 1.000 1.000
0.612 0.408 0.408 0.408 0.612 1.000 1.000
