1.000 1.000 1.000 1.000 0.775 0.000 -0.577 -0.577 -0.577 -0.378
1.000 1.000 1.000 1.000 0.775 0.000 -0.577 -0.577 -0.577 -0.378
1.000 1.000 1.000 1.000 0.775 0.000 -0.577 -0.577 -0.577 -0.378
1.000 1.000 1.000 1.000 0.775 0.000 -0.577 -0.577 -0.577 -0.378
0.775 0.775 0.775 0.775 1.000 -0.378 -0.149 -0.745 -0.745 -0.488
0.000 0.000 0.000 0.000 -0.378 1.000 -0.143 0.333 -0.333 -0.218
-0.577 -0.577 -0.577 -0.577 -0.149 -0.143 1.000 -0.143 0.333 -0.218
-0.577 -0.577 -0.577 -0.577 -0.745 0.333 -0.143 1.000 -0.143 0.655
-0.577 -0.577 -0.577 -0.577 -0.745 -0.333 0.333 -0.143 1.000 0.000
-0.378 -0.378 -0.378 -0.378 -0.488 -0.218 -0.218 0.655 0.000 1.000
