0.000 0.000 0.000 0.000 6.834 9.981 9.696 9.389 11.229 14.967
0.000 0.000 0.000 0.000 6.834 9.981 9.696 9.389 11.229 14.967
0.000 0.000 0.000 0.000 6.834 9.981 9.696 9.389 11.229 14.967
0.000 0.000 0.000 0.000 6.834 9.981 9.696 9.389 11.229 14.967
6.834 6.834 6.834 6.834 0.000 11.293 12.708 12.832 14.883 18.196
9.981 9.981 9.981 9.981 11.293 0.000 3.824 5.087 6.861 10.551
9.696 9.696 9.696 9.696 12.708 3.824 0.000 2.121 4.141 8.718
9.389 9.389 9.389 9.389 12.832 5.087 2.121 0.000 2.692 7.906
11.229 11.229 11.229 11.229 14.883 6.861 4.141 2.692 0.000 6.874
14.967 14.967 14.967 14.967 18.196 10.551 8.718 7.906 6.874 0.000
