1.000 0.612 0.612 0.356 0.612 0.356 -1.000 -0.655 -0.655 -0.408 -0.655 -0.408
0.612 1.000 0.375 0.356 0.524 0.218 -0.655 -0.429 -0.429 -0.535 -0.429 -0.089
0.612 0.375 1.000 0.218 0.524 0.356 -0.655 -0.429 -0.429 -0.089 -0.429 -0.535
0.356 0.356 0.218 1.000 0.218 0.167 -0.408 -0.535 -0.089 -0.429 -0.089 -0.667
0.612 0.524 0.524 0.218 1.000 0.218 -0.655 -0.429 -0.429 -0.089 -0.429 -0.089
0.356 0.218 0.356 0.167 0.218 1.000 -0.408 -0.089 -0.535 -0.667 -0.089 -0.429
-1.000 -0.655 -0.655 -0.408 -0.655 -0.408 1.000 0.612 0.612 0.356 0.612 0.356
-0.655 -0.429 -0.429 -0.535 -0.429 -0.089 0.612 1.000 0.375 0.356 0.524 0.218
-0.655 -0.429 -0.429 -0.089 -0.429 -0.535 0.612 0.375 1.000 0.218 0.524 0.356
-0.408 -0.535 -0.089 -0.429 -0.089 -0.667 0.356 0.356 0.218 1.000 0.218 0.167
-0.655 -0.429 -0.429 -0.089 -0.429 -0.089 0.612 0.524 0.524 0.218 1.000 0.218
-0.408 -0.089 -0.535 -0.667 -0.089 -0.429 0.356 0.218 0.356 0.167 0.218 1.000
