0.000 11.376 11.376 8.599 11.000 8.599 0.000 11.376 11.376 8.599 11.000 8.599
11.376 0.000 0.000 9.075 2.899 9.075 11.376 0.000 0.000 9.075 2.899 9.075
11.376 0.000 0.000 9.075 2.899 9.075 11.376 0.000 0.000 9.075 2.899 9.075
8.599 9.075 9.075 0.000 8.599 0.000 8.599 9.075 9.075 0.000 8.599 0.000
11.000 2.899 2.899 8.599 0.000 8.599 11.000 2.899 2.899 8.599 0.000 8.599
8.599 9.075 9.075 0.000 8.599 0.000 8.599 9.075 9.075 0.000 8.599 0.000
0.000 11.376 11.376 8.599 11.000 8.599 0.000 11.376 11.376 8.599 11.000 8.599
11.376 0.000 0.000 9.075 2.899 9.075 11.376 0.000 0.000 9.075 2.899 9.075
11.376 0.000 0.000 9.075 2.899 9.075 11.376 0.000 0.000 9.075 2.899 9.075
8.599 9.075 9.075 0.000 8.599 0.000 8.599 9.075 9.075 0.000 8.599 0.000
11.000 2.899 2.899 8.599 0.000 8.599 11.000 2.899 2.899 8.599 0.000 8.599
8.599 9.075 9.075 0.000 8.599 0.000 8.599 9.075 9.075 0.000 8.599 0.000
