1.000 -0.316 0.250 -0.500 0.000 -0.500 0.707 -0.316
-0.316 1.000 -0.316 0.000 -1.000 0.000 -0.500 0.333
0.250 -0.316 1.000 -0.200 0.000 -0.500 0.000 -0.707
-0.500 0.000 -0.200 1.000 -0.316 0.250 -0.707 0.000
0.000 -1.000 0.000 -0.316 1.000 -0.316 0.333 -0.500
-0.500 0.000 -0.500 0.250 -0.316 1.000 -0.316 0.707
0.707 -0.500 0.000 -0.707 0.333 -0.316 1.000 -0.500
-0.316 0.333 -0.707 0.000 -0.500 0.707 -0.500 1.000
